! 12C range in H2O
! apply ZOOM for details
Energy (MeV/u)1	0 - [He-base] F.Hubert et al, AD&ND Tables 46(1990)1	Energy (MeV/u)2	1 - [H -base] J.F.Ziegler et al,Pergamon Press,NY(low energy)	Energy (MeV/u)3	2 - ATIMA 1.2 LS-theory (recommended for high energy)	Energy (MeV/u)4	3 - ATIMA 1.2 without LS-correction	Energy (MeV/u)5	4 - ATIMA 1.4 H.Weick, improved mean charge formula for HI	Energy (MeV/u)6	5 - Range straggling - method [0] - LISE	Energy (MeV/u)7	6 - Range straggling - method [1] - Atima	Energy (MeV/u)8	7 - Lateral range - method [0] - LISE	Energy (MeV/u)9	8 - Lateral range - method [1] - Atima	Energy (MeV/u)10	9 - Lateral range - method [2] - PDG	
0.001000	0.0762779 	0.001000	0.0762779 	0.001000	0.0781872 	0.001000	0.0781872 	0.001000	0.0781841 	0.001000	0         	0.001000	0         	0.001000	0.000882568	0.001000	0.00152537	0.001000	0.000834548	
0.002000	0.170637  	0.002000	0.152556  	0.002000	0.156374  	0.002000	0.156374  	0.002000	0.156368  	0.002000	0.00862945	0.002000	0.00862945	0.002000	0.00258447	0.002000	0.0043151 	0.002000	0.00256474	
0.005000	0.433714  	0.005000	0.365221  	0.005000	0.36693   	0.005000	0.36693   	0.005000	0.366919  	0.005000	0.0104569 	0.005000	0.0104569 	0.005000	0.00963518	0.005000	0.0154793 	0.005000	0.0100176 	
0.008000	0.667716  	0.008000	0.554383  	0.008000	0.546966  	0.008000	0.546966  	0.008000	0.546954  	0.008000	0.0105328 	0.008000	0.0105328 	0.008000	0.0178123 	0.008000	0.0281371 	0.008000	0.0188626 	
0.010000	0.810978  	0.010000	0.670193  	0.010000	0.654606  	0.010000	0.654606  	0.010000	0.654593  	0.010000	0.0107878 	0.010000	0.0107878 	0.010000	0.0234827 	0.010000	0.0368203 	0.010000	0.0250602 	
0.015000	1.13408   	0.015000	0.931382  	0.015000	0.893886  	0.015000	0.893886  	0.015000	0.893871  	0.015000	0.0120146 	0.015000	0.0120146 	0.015000	0.0379135 	0.015000	0.0587036 	0.015000	0.040976  	
0.020000	1.41104   	0.020000	1.15527   	0.020000	1.1024    	0.020000	1.1024    	0.020000	1.10239   	0.020000	0.0135217 	0.020000	0.0135217 	0.020000	0.0523335 	0.020000	0.0803613 	0.020000	0.0570191 	
0.025000	1.65218   	0.025000	1.3502    	0.025000	1.28651   	0.025000	1.28651   	0.025000	1.2865    	0.025000	0.0149286 	0.025000	0.0149286 	0.025000	0.0663297 	0.025000	0.101262  	0.025000	0.0726744 	
0.030000	1.86638   	0.030000	1.52336   	0.030000	1.45259   	0.030000	1.45259   	0.030000	1.45258   	0.030000	0.0161747 	0.030000	0.0161747 	0.030000	0.079592  	0.030000	0.120867  	0.030000	0.0879261 	
0.035000	2.05972   	0.035000	1.67965   	0.035000	1.60528   	0.035000	1.60528   	0.035000	1.60527   	0.035000	0.0172788 	0.035000	0.0172788 	0.035000	0.0922564 	0.035000	0.139415  	0.035000	0.100989  	
0.040000	2.23648   	0.040000	1.82254   	0.040000	1.74705   	0.040000	1.74705   	0.040000	1.74703   	0.040000	0.0182543 	0.040000	0.0182543 	0.040000	0.104436  	0.040000	0.157133  	0.040000	0.111332  	
0.045000	2.39983   	0.045000	1.95458   	0.045000	1.87974   	0.045000	1.87974   	0.045000	1.87973   	0.045000	0.0191202 	0.045000	0.0191202 	0.045000	0.115788  	0.045000	0.173565  	0.045000	0.119797  	
0.050000	2.55213   	0.050000	2.0777    	0.050000	2.00481   	0.050000	2.00481   	0.050000	2.00479   	0.050000	0.0198941 	0.050000	0.0196323 	0.050000	0.125239  	0.050000	0.187219  	0.050000	0.127093  	
0.055000	2.69525   	0.055000	2.19339   	0.055000	2.12339   	0.055000	2.12339   	0.055000	2.12337   	0.055000	0.0205915 	0.055000	0.0199516 	0.055000	0.13329   	0.055000	0.198831  	0.055000	0.133312  	
0.060000	2.83064   	0.060000	2.30284   	0.060000	2.23639   	0.060000	2.23639   	0.060000	2.23637   	0.060000	0.021225  	0.060000	0.0202444 	0.060000	0.140229  	0.060000	0.208817  	0.060000	0.138816  	
0.070000	3.08274   	0.070000	2.50663   	0.070000	2.44855   	0.070000	2.44855   	0.070000	2.44853   	0.070000	0.0223397 	0.070000	0.0207669 	0.070000	0.151826  	0.070000	0.225457  	0.070000	0.148216  	
0.080000	3.31553   	0.080000	2.69482   	0.080000	2.64589   	0.080000	2.64589   	0.080000	2.64587   	0.080000	0.0233004 	0.080000	0.0212257 	0.080000	0.161214  	0.080000	0.238871  	0.080000	0.156037  	
0.090000	3.53392   	0.090000	2.87136   	0.090000	2.83168   	0.090000	2.83168   	0.090000	2.83166   	0.090000	0.0241487 	0.090000	0.0216383 	0.090000	0.169257  	0.090000	0.250317  	0.090000	0.16267   	
0.100000	3.74115   	0.100000	3.03888   	0.100000	3.00833   	0.100000	3.00833   	0.100000	3.00831   	0.100000	0.0249134 	0.100000	0.0220168 	0.100000	0.176156  	0.100000	0.260094  	0.100000	0.168533  	
0.120000	4.1318    	0.120000	3.35468   	0.120000	3.34106   	0.120000	3.34106   	0.120000	3.34104   	0.120000	0.0262678 	0.120000	0.022703  	0.120000	0.187876  	0.120000	0.276609  	0.120000	0.178586  	
0.140000	4.50189   	0.140000	3.65384   	0.140000	3.65428   	0.140000	3.65428   	0.140000	3.65426   	0.140000	0.0274697 	0.140000	0.0233298 	0.140000	0.197598  	0.140000	0.290199  	0.140000	0.187006  	
0.160000	4.85993   	0.160000	3.94328   	0.160000	3.95445   	0.160000	3.95445   	0.160000	3.95443   	0.160000	0.0285794 	0.160000	0.0239233 	0.160000	0.206038  	0.160000	0.301906  	0.160000	0.194375  	
0.180000	5.21222   	0.180000	4.22806   	0.180000	4.24588   	0.180000	4.24588   	0.180000	4.24586   	0.180000	0.0296339 	0.180000	0.0245001 	0.180000	0.213647  	0.180000	0.312384  	0.180000	0.201145  	
0.200000	5.56219   	0.200000	4.51096   	0.200000	4.53156   	0.200000	4.53156   	0.200000	4.53154   	0.200000	0.030657  	0.200000	0.0250712 	0.200000	0.220563  	0.200000	0.321834  	0.200000	0.207329  	
0.250000	6.4365    	0.250000	5.21774   	0.250000	5.23325   	0.250000	5.23325   	0.250000	5.23323   	0.250000	0.0331728 	0.250000	0.0265189 	0.250000	0.236125  	0.250000	0.342862  	0.250000	0.221527  	
0.300000	7.3147    	0.300000	5.92766   	0.300000	5.93165   	0.300000	5.93165   	0.300000	5.93163   	0.300000	0.035731  	0.300000	0.0280452 	0.300000	0.249995  	0.300000	0.361295  	0.300000	0.23451   	
0.350000	8.18869   	0.350000	6.63417   	0.350000	6.63705   	0.350000	6.63705   	0.350000	6.63703   	0.350000	0.0383983 	0.350000	0.0296831 	0.350000	0.263035  	0.350000	0.378406  	0.350000	0.246865  	
0.400000	9.0662    	0.400000	7.34353   	0.400000	7.35468   	0.400000	7.35468   	0.400000	7.35466   	0.400000	0.0412027 	0.400000	0.0314459 	0.400000	0.275566  	0.400000	0.39466   	0.400000	0.258908  	
0.450000	9.95341   	0.450000	8.06073   	0.450000	8.08316   	0.450000	8.08316   	0.450000	8.08314   	0.450000	0.044106  	0.450000	0.0333055 	0.450000	0.28759   	0.450000	0.410079  	0.450000	0.270625  	
0.500000	10.851    	0.500000	8.78631   	0.500000	8.8227    	0.500000	8.8227    	0.500000	8.82268   	0.500000	0.0470963 	0.500000	0.0353033 	0.500000	0.29939   	0.500000	0.425085  	0.500000	0.282262  	
0.600000	12.6692   	0.600000	10.2561   	0.600000	10.3417   	0.600000	10.3417   	0.600000	10.3417   	0.600000	0.0533764 	0.600000	0.0398403 	0.600000	0.322475  	0.600000	0.454099  	0.600000	0.305126  	
0.700000	14.528    	0.700000	11.7587   	0.700000	11.9206   	0.700000	11.9206   	0.700000	11.9206   	0.700000	0.0600885 	0.700000	0.0449669 	0.700000	0.34514   	0.700000	0.482198  	0.700000	0.327957  	
0.800000	16.4338   	0.800000	13.2993   	0.800000	13.5646   	0.800000	13.5646   	0.800000	13.5646   	0.800000	0.0672541 	0.800000	0.0505802 	0.800000	0.367723  	0.800000	0.509853  	0.800000	0.351016  	
0.900000	18.3946   	0.900000	14.8844   	0.900000	15.2732   	0.900000	15.2732   	0.900000	15.2732   	0.900000	0.0748373 	0.900000	0.0565798 	0.900000	0.390427  	0.900000	0.537431  	0.900000	0.374208  	
1.000000	20.4121   	1.000000	16.5153   	1.000000	17.0456   	1.000000	17.0456   	1.000000	17.0456   	1.000000	0.0828089 	1.000000	0.0628972 	1.000000	0.413201  	1.000000	0.564847  	1.000000	0.39773   	
1.250000	25.7375   	1.250000	20.8202   	1.250000	21.7518   	1.250000	21.7518   	1.250000	21.7518   	1.250000	0.104329  	1.250000	0.0798285 	1.250000	0.469954  	1.250000	0.632104  	1.250000	0.457733  	
1.500000	31.5551   	1.500000	25.523    	1.500000	26.865    	1.500000	26.865    	1.500000	26.8649   	1.500000	0.128247  	1.500000	0.0983206 	1.500000	0.52732   	1.500000	0.698887  	1.500000	0.50997   	
1.750000	37.8964   	1.750000	30.6492   	1.750000	32.3797   	1.750000	32.3797   	1.750000	32.3796   	1.750000	0.154448  	1.750000	0.118184  	1.750000	0.586758  	1.750000	0.767458  	1.750000	0.547744  	
2.000000	44.7803   	2.000000	36.214    	2.000000	38.2864   	2.000000	38.2864   	2.000000	38.2864   	2.000000	0.182811  	2.000000	0.139282  	2.000000	0.646141  	2.000000	0.835376  	2.000000	0.588406  	
2.250000	52.238    	2.250000	42.2426   	2.250000	44.5805   	2.250000	44.5805   	2.250000	44.5805   	2.250000	0.2133    	2.250000	0.161562  	2.250000	0.691072  	2.250000	0.885715  	2.250000	0.631878  	
2.500000	60.231    	2.500000	48.7196   	2.500000	51.2596   	2.500000	51.2596   	2.500000	51.2595   	2.500000	0.245911  	2.500000	0.185002  	2.500000	0.738939  	2.500000	0.939449  	2.500000	0.678108  	
3.000000	74.3847   	3.000000	62.9733   	3.000000	65.7667   	3.000000	65.7667   	3.000000	65.7666   	3.000000	0.317547  	3.000000	0.23534   	3.000000	0.843244  	3.000000	1.05649   	3.000000	0.778724  	
3.500000	90.1685   	3.500000	78.9142   	3.500000	81.7994   	3.500000	81.7994   	3.500000	81.7993   	3.500000	0.397823  	3.500000	0.29031   	3.500000	0.958658  	3.500000	1.18557   	3.500000	0.89002   	
4.000000	107.567   	4.000000	96.5101   	4.000000	99.3506   	4.000000	99.3506   	4.000000	99.3505   	4.000000	0.48682   	4.000000	0.349925  	4.000000	1.08495   	4.000000	1.32612   	4.000000	1.01186   	
4.500000	126.563   	4.500000	115.731   	4.500000	118.413   	4.500000	118.413   	4.500000	118.413   	4.500000	0.584589  	4.500000	0.414144  	4.500000	1.22195   	4.500000	1.47774   	4.500000	1.14415   	
5.000000	147.143   	5.000000	136.558   	5.000000	138.978   	5.000000	138.978   	5.000000	138.978   	5.000000	0.691157  	5.000000	0.482925  	5.000000	1.36953   	5.000000	1.64013   	5.000000	1.28679   	
5.500000	169.289   	5.500000	158.973   	5.500000	161.038   	5.500000	161.038   	5.500000	161.037   	5.500000	0.806532  	5.500000	0.55624   	5.500000	1.52753   	5.500000	1.81301   	5.500000	1.43965   	
6.000000	192.989   	6.000000	182.965   	6.000000	184.584   	6.000000	184.584   	6.000000	184.584   	6.000000	0.930712  	6.000000	0.634053  	6.000000	1.6959    	6.000000	1.99622   	6.000000	1.60273   	
6.500000	218.227   	6.500000	208.524   	6.500000	209.608   	6.500000	209.608   	6.500000	209.608   	6.500000	1.06369   	6.500000	0.716325  	6.500000	1.87453   	6.500000	2.18954   	6.500000	1.77591   	
7.000000	244.99    	7.000000	235.641   	7.000000	236.103   	7.000000	236.103   	7.000000	236.103   	7.000000	1.20545   	7.000000	0.803019  	7.000000	2.06336   	7.000000	2.39287   	7.000000	1.95916   	
7.500000	273.265   	7.500000	264.306   	7.500000	264.061   	7.500000	264.061   	7.500000	264.061   	7.500000	1.35598   	7.500000	0.894098  	7.500000	2.26232   	7.500000	2.60605   	7.500000	2.15242   	
8.000000	303.041   	8.000000	294.511   	8.000000	293.473   	8.000000	293.473   	8.000000	293.473   	8.000000	1.51527   	8.000000	0.989528  	8.000000	2.47136   	8.000000	2.82898   	8.000000	2.35566   	
8.500000	334.305   	8.500000	326.25    	8.500000	324.334   	8.500000	324.334   	8.500000	324.333   	8.500000	1.68329   	8.500000	1.08928   	8.500000	2.69043   	8.500000	3.06155   	8.500000	2.56883   	
9.000000	367.045   	9.000000	359.516   	9.000000	356.635   	9.000000	356.635   	9.000000	356.635   	9.000000	1.86003   	9.000000	1.19332   	9.000000	2.91947   	9.000000	3.30368   	9.000000	2.79188   	
9.500000	401.252   	9.500000	394.3     	9.500000	390.371   	9.500000	390.371   	9.500000	390.37    	9.500000	2.04547   	9.500000	1.30161   	9.500000	3.15846   	9.500000	3.55528   	9.500000	3.02481   	
10.000000	436.913   	10.000000	430.586   	10.000000	425.534   	10.000000	425.534   	10.000000	425.534   	10.000000	2.2396    	10.000000	1.41414   	10.000000	3.40736   	10.000000	3.81628   	10.000000	3.26756   	
11.000000	512.562   	11.000000	506.778   	11.000000	500.155   	11.000000	500.129   	11.000000	500.145   	11.000000	2.65423   	11.000000	1.65202   	11.000000	3.9349    	11.000000	4.36638   	11.000000	3.78263   	
12.000000	593.913   	12.000000	588.467   	12.000000	580.488   	12.000000	580.385   	12.000000	580.452   	12.000000	3.10419   	12.000000	1.90702   	12.000000	4.50213   	12.000000	4.95375   	12.000000	4.33718   	
13.000000	680.894   	13.000000	675.608   	13.000000	666.484   	13.000000	666.261   	13.000000	666.413   	13.000000	3.58932   	13.000000	2.17884   	13.000000	5.10886   	13.000000	5.57797   	13.000000	4.93106   	
14.000000	773.435   	14.000000	768.157   	14.000000	758.097   	14.000000	757.712   	14.000000	757.985   	14.000000	4.10938   	14.000000	2.46717   	14.000000	5.75487   	14.000000	6.23863   	14.000000	5.56408   	
15.000000	871.473   	15.000000	866.07    	15.000000	855.279   	15.000000	854.694   	15.000000	855.123   	15.000000	4.66408   	15.000000	2.77191   	15.000000	6.43991   	15.000000	6.93533   	15.000000	6.23607   	
16.000000	974.945   	16.000000	969.303   	16.000000	957.982   	16.000000	957.161   	16.000000	957.778   	16.000000	5.25311   	16.000000	3.09285   	16.000000	7.16373   	16.000000	7.66763   	16.000000	6.94678   	
17.000000	1083.79   	17.000000	1077.81   	17.000000	1066.15   	17.000000	1065.07   	17.000000	1065.9    	17.000000	5.8761    	17.000000	3.4296    	17.000000	7.92603   	17.000000	8.43512   	17.000000	7.69597   	
18.000000	1197.96   	18.000000	1191.56   	18.000000	1179.74   	18.000000	1178.36   	18.000000	1179.44   	18.000000	6.53267   	18.000000	3.78182   	18.000000	8.7265    	18.000000	9.23737   	18.000000	8.48337   	
19.000000	1317.39   	19.000000	1310.49   	19.000000	1298.69   	19.000000	1296.99   	19.000000	1298.35   	19.000000	7.22237   	19.000000	4.14925   	19.000000	9.56479   	19.000000	10.0739   	19.000000	9.30865   	
20.000000	1442.03   	20.000000	1434.58   	20.000000	1422.95   	20.000000	1420.91   	20.000000	1422.57   	20.000000	7.94477   	20.000000	4.53173   	20.000000	10.4405   	20.000000	10.9443   	20.000000	10.1715   	
21.000000	1571.84   	21.000000	1563.78   	21.000000	1552.46   	21.000000	1550.07   	21.000000	1552.05   	21.000000	8.69937   	21.000000	4.92908   	21.000000	11.3534   	21.000000	11.8481   	21.000000	11.0716   	
22.000000	1706.77   	22.000000	1698.06   	22.000000	1687.17   	22.000000	1684.4    	22.000000	1686.72   	22.000000	9.48566   	22.000000	5.34094   	22.000000	12.3029   	22.000000	12.7848   	22.000000	12.0086   	
23.000000	1846.76   	23.000000	1837.37   	23.000000	1827.02   	23.000000	1823.86   	23.000000	1826.54   	23.000000	10.3031   	23.000000	5.76686   	23.000000	13.2887   	23.000000	13.754    	23.000000	12.982    	
24.000000	1991.79   	24.000000	1981.68   	24.000000	1971.95   	24.000000	1968.39   	24.000000	1971.44   	24.000000	11.1512   	24.000000	6.20651   	24.000000	14.3103   	24.000000	14.7551   	24.000000	13.9916   	
25.000000	2141.79   	25.000000	2130.96   	25.000000	2121.9    	25.000000	2117.93   	25.000000	2121.36   	25.000000	12.0292   	25.000000	6.65962   	25.000000	15.3673   	25.000000	15.7877   	25.000000	15.0368   	
27.000000	2456.59   	27.000000	2444.26   	27.000000	2436.62   	27.000000	2431.81   	27.000000	2436.02   	27.000000	13.8729   	27.000000	7.60466   	27.000000	17.5855   	27.000000	17.9452   	27.000000	17.2324   	
29.000000	2790.84   	29.000000	2777      	29.000000	2770.66   	29.000000	2765      	29.000000	2770      	29.000000	15.8292   	29.000000	8.59877   	29.000000	19.9393   	29.000000	20.2223   	29.000000	19.5652   	
31.000000	3144.25   	31.000000	3128.91   	31.000000	3123.54   	31.000000	3117.07   	31.000000	3122.83   	31.000000	17.8937   	31.000000	9.64041   	31.000000	22.4249   	31.000000	22.6153   	31.000000	22.0316   	
33.000000	3516.53   	33.000000	3499.76   	33.000000	3495.22   	33.000000	3488.04   	33.000000	3494.48   	33.000000	20.069    	33.000000	10.7312   	33.000000	25.0422   	33.000000	25.1235   	33.000000	24.6317   	
35.000000	3907.41   	35.000000	3889.3    	35.000000	3885.52   	35.000000	3877.71   	35.000000	3884.73   	35.000000	22.3544   	35.000000	11.8701   	35.000000	27.7897   	35.000000	27.7455   	35.000000	27.3643   	
38.000000	4528.06   	38.000000	4508.13   	38.000000	4505.32   	38.000000	4496.77   	38.000000	4504.47   	38.000000	25.9855   	38.000000	13.6667   	38.000000	32.1511   	38.000000	31.8874   	38.000000	31.7082   	
41.000000	5189.19   	41.000000	5167.75   	41.000000	5165.65   	41.000000	5156.61   	41.000000	5164.77   	41.000000	29.8554   	41.000000	15.568    	41.000000	36.7955   	41.000000	36.2748   	41.000000	36.3415   	
44.000000	5890.04   	44.000000	5867.44   	44.000000	5865.8    	44.000000	5856.51   	44.000000	5864.91   	44.000000	33.9589   	44.000000	17.5706   	44.000000	41.7176   	44.000000	40.9021   	44.000000	41.2595   	
47.000000	6629.89   	47.000000	6606.53   	47.000000	6605.13   	47.000000	6595.79   	47.000000	6604.21   	47.000000	38.2911   	47.000000	19.6736   	47.000000	46.912    	47.000000	45.7644   	47.000000	46.4577   	
50.000000	7408.06   	50.000000	7384.37   	50.000000	7382.9    	50.000000	7373.79   	50.000000	7382.03   	50.000000	42.8472   	50.000000	21.873    	50.000000	52.3738   	50.000000	50.8566   	50.000000	51.9318   	
55.000000	8788.46   	55.000000	8765.2    	55.000000	8763.14   	55.000000	8754.87   	55.000000	8762.32   	55.000000	50.9258   	55.000000	25.748    	55.000000	62.0583   	55.000000	59.8427   	55.000000	61.6574   	
60.000000	10270.8   	60.000000	10249.2   	60.000000	10246     	60.000000	10239.1   	60.000000	10245.2   	60.000000	59.5931   	60.000000	29.8776   	60.000000	72.4514   	60.000000	69.4356   	60.000000	72.1202   	
65.000000	11852.5   	65.000000	11833.9   	65.000000	11829     	65.000000	11824.1   	65.000000	11828.2   	65.000000	68.8296   	65.000000	34.2499   	65.000000	83.5334   	65.000000	79.6174   	65.000000	83.3032   	
70.000000	13531.2   	70.000000	13516.9   	70.000000	13509.7   	70.000000	13507.3   	70.000000	13508.9   	70.000000	78.6167   	70.000000	38.8609   	70.000000	95.2853   	70.000000	90.3713   	70.000000	95.1903   	
75.000000	15304.6   	75.000000	15295.8   	75.000000	15285.9   	75.000000	15286.6   	75.000000	15285.2   	75.000000	88.9366   	75.000000	43.7027   	75.000000	107.689   	75.000000	101.681   	75.000000	107.766   	
80.000000	17170.8   	80.000000	17168.5   	80.000000	17155.5   	80.000000	17159.8   	80.000000	17154.8   	80.000000	99.7722   	80.000000	48.7643   	80.000000	120.728   	80.000000	113.533   	80.000000	121.017   	
85.000000	19127.7   	85.000000	19132.9   	85.000000	19116.5   	85.000000	19124.9   	85.000000	19115.8   	85.000000	111.107   	85.000000	54.0432   	85.000000	134.386   	85.000000	125.913   	85.000000	134.928   	
90.000000	21173.4   	90.000000	21187.1   	90.000000	21166.9   	90.000000	21180     	90.000000	21166.2   	90.000000	122.926   	90.000000	59.5336   	90.000000	148.647   	90.000000	138.807   	90.000000	149.486   	
95.000000	23306.3   	95.000000	23329.1   	95.000000	23304.8   	95.000000	23323.3   	95.000000	23304.2   	95.000000	135.214   	95.000000	65.2264   	95.000000	163.495   	95.000000	152.203   	95.000000	164.677   	
100.000000	25524.6   	100.000000	25557.1   	100.000000	25528.6   	100.000000	25552.8   	100.000000	25528     	100.000000	147.956   	100.000000	71.1172   	100.000000	178.916   	100.000000	166.089   	100.000000	180.491   	
105.000000	27826.8   	105.000000	27869.4   	105.000000	27836.6   	105.000000	27867     	105.000000	27836     	105.000000	161.137   	105.000000	77.2006   	105.000000	194.896   	105.000000	180.454   	105.000000	196.914   	
110.000000	30211.3   	110.000000	30264.2   	110.000000	30227     	110.000000	30264.2   	110.000000	30226.3   	110.000000	174.746   	110.000000	83.4728   	110.000000	211.421   	110.000000	195.285   	110.000000	213.934   	
115.000000	32676.8   	115.000000	32740     	115.000000	32698.1   	115.000000	32742.7   	115.000000	32697.6   	115.000000	188.768   	115.000000	89.9269   	115.000000	228.478   	115.000000	210.574   	115.000000	231.542   	
120.000000	35221.7   	120.000000	35295.3   	120.000000	35248.6   	120.000000	35301.1   	120.000000	35248.1   	120.000000	203.19    	120.000000	96.5552   	120.000000	246.055   	120.000000	226.309   	120.000000	249.724   	
125.000000	37844.9   	125.000000	37928.3   	125.000000	37876.9   	125.000000	37937.8   	125.000000	37876.5   	125.000000	218.002   	125.000000	103.358   	125.000000	264.138   	125.000000	242.482   	125.000000	268.472   	
130.000000	40545     	130.000000	40637.8   	130.000000	40581.7   	130.000000	40651.3   	130.000000	40581.3   	130.000000	233.19    	130.000000	110.328   	130.000000	282.716   	130.000000	259.081   	130.000000	287.773   	
135.000000	43320.7   	135.000000	43422.2   	135.000000	43361.4   	135.000000	43440.4   	135.000000	43361     	135.000000	248.744   	135.000000	117.462   	135.000000	301.778   	135.000000	276.099   	135.000000	307.62    	
140.000000	46171     	140.000000	46280.3   	140.000000	46214.8   	140.000000	46303.5   	140.000000	46214.4   	140.000000	264.653   	140.000000	124.76    	140.000000	321.31    	140.000000	293.526   	140.000000	328       	
145.000000	49094.7   	145.000000	49210.6   	145.000000	49140.6   	145.000000	49239.5   	145.000000	49140.1   	145.000000	280.905   	145.000000	132.213   	145.000000	341.304   	145.000000	311.355   	145.000000	348.905   	
150.000000	52090.6   	150.000000	52211.9   	150.000000	52137.4   	150.000000	52246.9   	150.000000	52136.9   	150.000000	297.49    	150.000000	139.816   	150.000000	361.747   	150.000000	329.575   	150.000000	370.325   	
155.000000	55171.5   	155.000000	55282.9   	155.000000	55203.9   	155.000000	55324.6   	155.000000	55203.4   	155.000000	314.398   	155.000000	147.567   	155.000000	382.631   	155.000000	348.181   	155.000000	392.252   	
160.000000	58319.5   	160.000000	58422.4   	160.000000	58339.1   	160.000000	58471.4   	160.000000	58338.4   	160.000000	331.62    	160.000000	155.463   	160.000000	403.943   	160.000000	367.163   	160.000000	414.676   	
165.000000	61533     	165.000000	61629.2   	165.000000	61541.6   	165.000000	61685.9   	165.000000	61540.9   	165.000000	349.146   	165.000000	163.5     	165.000000	425.675   	165.000000	386.514   	165.000000	437.588   	
170.000000	64810.9   	170.000000	64902.1   	170.000000	64810.3   	170.000000	64967.2   	170.000000	64809.5   	170.000000	366.966   	170.000000	171.677   	170.000000	447.816   	170.000000	406.227   	170.000000	460.981   	
175.000000	68152     	175.000000	68240     	175.000000	68144.2   	175.000000	68313.9   	175.000000	68143.3   	175.000000	385.073   	175.000000	179.989   	175.000000	470.358   	175.000000	426.294   	175.000000	484.845   	
180.000000	71555.3   	180.000000	71641.9   	180.000000	71542     	180.000000	71725.2   	180.000000	71541.1   	180.000000	403.456   	180.000000	188.434   	180.000000	493.292   	180.000000	446.709   	180.000000	509.172   	
185.000000	75019.8   	185.000000	75106.6   	185.000000	75002.7   	185.000000	75199.7   	185.000000	75001.7   	185.000000	422.109   	185.000000	197.01    	185.000000	516.608   	185.000000	467.464   	185.000000	533.955   	
190.000000	78544.5   	190.000000	78633.1   	190.000000	78525.4   	190.000000	78736.7   	190.000000	78524.3   	190.000000	441.021   	190.000000	205.71    	190.000000	540.297   	190.000000	488.553   	190.000000	559.185   	
195.000000	82128.4   	195.000000	82220.4   	195.000000	82108.8   	195.000000	82334.9   	195.000000	82107.7   	195.000000	460.187   	195.000000	214.529   	195.000000	564.352   	195.000000	509.971   	195.000000	584.856   	
200.000000	85770.5   	200.000000	85867.5   	200.000000	85752.2   	200.000000	85993.3   	200.000000	85751     	200.000000	479.597   	200.000000	223.47    	200.000000	588.763   	200.000000	531.709   	200.000000	610.959   	
210.000000	93226     	210.000000	93337.3   	210.000000	93214.5   	210.000000	93487.3   	210.000000	93213.3   	210.000000	519.123   	210.000000	241.706   	210.000000	638.625   	210.000000	576.125   	210.000000	664.433   	
220.000000	100904    	220.000000	101035    	220.000000	100905    	220.000000	101211    	220.000000	100904    	220.000000	559.542   	220.000000	260.39    	220.000000	689.821   	220.000000	621.755   	220.000000	719.551   	
230.000000	108797    	230.000000	108953    	230.000000	108816    	230.000000	109157    	230.000000	108815    	230.000000	600.798   	230.000000	279.516   	230.000000	742.29    	230.000000	668.552   	230.000000	776.258   	
240.000000	116900    	240.000000	117086    	240.000000	116941    	240.000000	117319    	240.000000	116940    	240.000000	642.842   	240.000000	299.05    	240.000000	795.977   	240.000000	716.474   	240.000000	834.502   	
250.000000	125206    	250.000000	125426    	250.000000	125273    	250.000000	125689    	250.000000	125272    	250.000000	685.624   	250.000000	318.978   	250.000000	850.827   	250.000000	765.479   	250.000000	894.231   	
260.000000	133709    	260.000000	133967    	260.000000	133806    	260.000000	134262    	260.000000	133806    	260.000000	729.099   	260.000000	339.286   	260.000000	906.79    	260.000000	815.528   	260.000000	955.397   	
270.000000	142404    	270.000000	142703    	270.000000	142534    	270.000000	143031    	270.000000	142534    	270.000000	773.222   	270.000000	359.96    	270.000000	963.815   	270.000000	866.583   	270.000000	1017.95   	
280.000000	151286    	280.000000	151629    	280.000000	151452    	280.000000	151991    	280.000000	151451    	280.000000	817.953   	280.000000	380.988   	280.000000	1021.86   	280.000000	918.607   	280.000000	1081.85   	
290.000000	160348    	290.000000	160739    	290.000000	160553    	290.000000	161135    	290.000000	160552    	290.000000	863.253   	290.000000	402.355   	290.000000	1080.87   	290.000000	971.566   	290.000000	1147.06   	
300.000000	169587    	300.000000	170028    	300.000000	169831    	300.000000	170459    	300.000000	169830    	300.000000	909.084   	300.000000	424.053   	300.000000	1140.8    	300.000000	1025.43   	300.000000	1213.52   	
310.000000	178998    	310.000000	179491    	310.000000	179283    	310.000000	179957    	310.000000	179282    	310.000000	955.412   	310.000000	446.07    	310.000000	1201.63   	310.000000	1080.15   	310.000000	1281.2    	
320.000000	188576    	320.000000	189122    	320.000000	188902    	320.000000	189624    	320.000000	188901    	320.000000	1002.2    	320.000000	468.38    	320.000000	1263.3    	320.000000	1135.72   	320.000000	1350.06   	
330.000000	198316    	330.000000	198918    	330.000000	198684    	330.000000	199455    	330.000000	198683    	330.000000	1049.43   	330.000000	490.972   	330.000000	1325.78   	330.000000	1192.1    	330.000000	1420.06   	
340.000000	208215    	340.000000	208873    	340.000000	208623    	340.000000	209445    	340.000000	208623    	340.000000	1097.05   	340.000000	513.852   	340.000000	1389.04   	340.000000	1249.25   	340.000000	1491.17   	
350.000000	218269    	350.000000	218983    	350.000000	218717    	350.000000	219591    	350.000000	218717    	350.000000	1145.05   	350.000000	537.002   	350.000000	1453.03   	350.000000	1307.16   	350.000000	1563.34   	
360.000000	228473    	360.000000	229245    	360.000000	228960    	360.000000	229887    	360.000000	228960    	360.000000	1193.4    	360.000000	560.402   	360.000000	1517.73   	360.000000	1365.79   	360.000000	1636.55   	
370.000000	238824    	370.000000	239653    	370.000000	239348    	370.000000	240329    	370.000000	239349    	370.000000	1242.06   	370.000000	584.047   	370.000000	1583.1    	370.000000	1425.13   	370.000000	1710.77   	
380.000000	249318    	380.000000	250205    	380.000000	249879    	380.000000	250914    	380.000000	249879    	380.000000	1291.02   	380.000000	607.926   	380.000000	1649.11   	380.000000	1485.14   	380.000000	1785.95   	
390.000000	259951    	390.000000	260896    	390.000000	260546    	390.000000	261637    	390.000000	260546    	390.000000	1340.26   	390.000000	632.033   	390.000000	1715.73   	390.000000	1545.8    	390.000000	1862.08   	
400.000000	270721    	400.000000	271723    	400.000000	271347    	400.000000	272495    	400.000000	271346    	400.000000	1389.75   	400.000000	656.372   	400.000000	1782.94   	400.000000	1607.09   	400.000000	1939.11   	
410.000000	281624    	410.000000	282681    	410.000000	282277    	410.000000	283484    	410.000000	282277    	410.000000	1439.47   	410.000000	680.946   	410.000000	1850.71   	410.000000	1668.99   	410.000000	2017.03   	
420.000000	292656    	420.000000	293769    	420.000000	293334    	420.000000	294600    	420.000000	293334    	420.000000	1489.39   	420.000000	705.73    	420.000000	1919.01   	420.000000	1731.47   	420.000000	2095.8    	
430.000000	303815    	430.000000	304982    	430.000000	304514    	430.000000	305840    	430.000000	304514    	430.000000	1539.52   	430.000000	730.699   	430.000000	1987.82   	430.000000	1794.52   	430.000000	2175.39   	
440.000000	315097    	440.000000	316317    	440.000000	315813    	440.000000	317201    	440.000000	315814    	440.000000	1589.81   	440.000000	755.85    	440.000000	2057.11   	440.000000	1858.12   	440.000000	2255.79   	
450.000000	326501    	450.000000	327771    	450.000000	327229    	450.000000	328680    	450.000000	327230    	450.000000	1640.26   	450.000000	781.193   	450.000000	2126.86   	450.000000	1922.24   	450.000000	2336.95   	
460.000000	338021    	460.000000	339341    	460.000000	338758    	460.000000	340272    	460.000000	338759    	460.000000	1690.86   	460.000000	806.724   	460.000000	2197.05   	460.000000	1986.87   	460.000000	2418.87   	
470.000000	349657    	470.000000	351025    	470.000000	350398    	470.000000	351976    	470.000000	350399    	470.000000	1741.58   	470.000000	832.436   	470.000000	2267.66   	470.000000	2051.99   	470.000000	2501.51   	
480.000000	361406    	480.000000	362819    	480.000000	362146    	480.000000	363789    	480.000000	362147    	480.000000	1792.41   	480.000000	858.323   	480.000000	2338.66   	480.000000	2117.58   	480.000000	2584.86   	
490.000000	373264    	490.000000	374721    	490.000000	373999    	490.000000	375707    	490.000000	373999    	490.000000	1843.34   	490.000000	884.382   	490.000000	2410.04   	490.000000	2183.62   	490.000000	2668.89   	
500.000000	385229    	500.000000	386727    	500.000000	385953    	500.000000	387727    	500.000000	385953    	500.000000	1894.35   	500.000000	910.608   	500.000000	2481.78   	500.000000	2250.11   	500.000000	2753.57   	
520.000000	409472    	520.000000	411045    	520.000000	410158    	520.000000	412067    	520.000000	410158    	520.000000	1996.58   	520.000000	963.509   	520.000000	2626.26   	520.000000	2384.34   	520.000000	2924.83   	
540.000000	434116    	540.000000	435753    	540.000000	434740    	540.000000	436788    	540.000000	434740    	540.000000	2099.01   	540.000000	1016.97   	540.000000	2771.97   	540.000000	2520.14   	540.000000	3098.48   	
560.000000	459142    	560.000000	460833    	560.000000	459680    	560.000000	461870    	560.000000	459680    	560.000000	2201.55   	560.000000	1071.02   	560.000000	2918.77   	560.000000	2657.41   	560.000000	3274.36   	
580.000000	484534    	580.000000	486267    	580.000000	484960    	580.000000	487296    	580.000000	484962    	580.000000	2304.12   	580.000000	1125.59   	580.000000	3066.55   	580.000000	2796.04   	580.000000	3452.34   	
600.000000	510276    	600.000000	512038    	600.000000	510565    	600.000000	513049    	600.000000	510567    	600.000000	2406.66   	600.000000	1180.62   	600.000000	3215.21   	600.000000	2935.93   	600.000000	3632.28   	
620.000000	536352    	620.000000	538131    	620.000000	536480    	620.000000	539112    	620.000000	536481    	620.000000	2509.1    	620.000000	1236.11   	620.000000	3364.64   	620.000000	3076.99   	620.000000	3814.05   	
640.000000	562748    	640.000000	564531    	640.000000	562688    	640.000000	565472    	640.000000	562689    	640.000000	2611.4    	640.000000	1292.05   	640.000000	3514.74   	640.000000	3219.13   	640.000000	3997.54   	
660.000000	589450    	660.000000	591224    	660.000000	589175    	660.000000	592113    	660.000000	589175    	660.000000	2713.49   	660.000000	1348.45   	660.000000	3665.44   	660.000000	3362.27   	660.000000	4182.62   	
680.000000	616444    	680.000000	618196    	680.000000	615927    	680.000000	619022    	680.000000	615928    	680.000000	2815.34   	680.000000	1405.26   	680.000000	3816.64   	680.000000	3506.34   	680.000000	4369.2    	
700.000000	643719    	700.000000	645435    	700.000000	642933    	700.000000	646187    	700.000000	642934    	700.000000	2916.91   	700.000000	1462.43   	700.000000	3968.28   	700.000000	3651.25   	700.000000	4557.17   	
720.000000	671263    	720.000000	672929    	720.000000	670180    	720.000000	673596    	720.000000	670182    	720.000000	3018.15   	720.000000	1519.97   	720.000000	4120.29   	720.000000	3796.95   	720.000000	4746.43   	
740.000000	699062    	740.000000	700665    	740.000000	697656    	740.000000	701236    	740.000000	697660    	740.000000	3119.03   	740.000000	1577.84   	740.000000	4272.61   	740.000000	3943.37   	740.000000	4936.91   	
760.000000	727108    	760.000000	728634    	760.000000	725353    	760.000000	729098    	760.000000	725357    	760.000000	3219.53   	760.000000	1636.04   	760.000000	4425.16   	760.000000	4090.45   	760.000000	5128.5    	
780.000000	755388    	780.000000	756825    	780.000000	753260    	780.000000	757171    	780.000000	753264    	780.000000	3319.62   	780.000000	1694.55   	780.000000	4577.91   	780.000000	4238.13   	780.000000	5321.14   	
800.000000	783894    	800.000000	785228    	800.000000	781368    	800.000000	785446    	800.000000	781371    	800.000000	3419.28   	800.000000	1753.34   	800.000000	4730.79   	800.000000	4386.36   	800.000000	5514.75   	
820.000000	812615    	820.000000	813833    	820.000000	809666    	820.000000	813913    	820.000000	809668    	820.000000	3518.48   	820.000000	1812.39   	820.000000	4883.75   	820.000000	4535.09   	820.000000	5709.25   	
840.000000	841542    	840.000000	842632    	840.000000	838146    	840.000000	842563    	840.000000	838147    	840.000000	3617.2    	840.000000	1871.7    	840.000000	5036.76   	840.000000	4684.27   	840.000000	5904.57   	
860.000000	870666    	860.000000	871616    	860.000000	866799    	860.000000	871388    	860.000000	866800    	860.000000	3715.44   	860.000000	1931.28   	860.000000	5189.77   	860.000000	4833.85   	860.000000	6100.65   	
880.000000	899979    	880.000000	900776    	880.000000	895618    	880.000000	900381    	880.000000	895620    	880.000000	3813.17   	880.000000	1991.12   	880.000000	5342.75   	880.000000	4983.8    	880.000000	6297.44   	
900.000000	929472    	900.000000	930105    	900.000000	924595    	900.000000	929534    	900.000000	924597    	900.000000	3910.39   	900.000000	2051.21   	900.000000	5495.65   	900.000000	5134.07   	900.000000	6494.86   	
920.000000	959138    	920.000000	959595    	920.000000	953724    	920.000000	958839    	920.000000	953726    	920.000000	4007.07   	920.000000	2111.52   	920.000000	5648.45   	920.000000	5284.62   	920.000000	6692.87   	
940.000000	988968    	940.000000	989238    	940.000000	982996    	940.000000	988290    	940.000000	983000    	940.000000	4103.23   	940.000000	2172.03   	940.000000	5801.11   	940.000000	5435.43   	940.000000	6891.42   	
960.000000	1.01896e+06	960.000000	1.01903e+06	960.000000	1.01241e+06	960.000000	1.01788e+06	960.000000	1.01241e+06	960.000000	4198.83   	960.000000	2232.74   	960.000000	5953.61   	960.000000	5586.44   	960.000000	7090.45   	
980.000000	1.0491e+06	980.000000	1.04896e+06	980.000000	1.04195e+06	980.000000	1.0476e+06	980.000000	1.04196e+06	980.000000	4293.88   	980.000000	2293.66   	980.000000	6105.91   	980.000000	5737.64   	980.000000	7289.92   	
1000.000000	1.07938e+06	1000.000000	1.07903e+06	1000.000000	1.07162e+06	1000.000000	1.07746e+06	1000.000000	1.07163e+06	1000.000000	4388.38   	1000.000000	2354.8    	1000.000000	6258      	1000.000000	5889      	1000.000000	7489.78   	
1020.000000	1.1098e+06	1020.000000	1.10922e+06	1020.000000	1.10141e+06	1020.000000	1.10743e+06	1020.000000	1.10142e+06	1020.000000	4482.31   	1020.000000	2416.15   	1020.000000	6409.84   	1020.000000	6040.47   	1020.000000	7689.99   	
1040.000000	1.14035e+06	1040.000000	1.13954e+06	1040.000000	1.13132e+06	1040.000000	1.13752e+06	1040.000000	1.13133e+06	1040.000000	4575.68   	1040.000000	2477.7    	1040.000000	6561.43   	1040.000000	6192.05   	1040.000000	7890.51   	
1060.000000	1.17103e+06	1060.000000	1.16997e+06	1060.000000	1.16134e+06	1060.000000	1.16772e+06	1060.000000	1.16134e+06	1060.000000	4668.48   	1060.000000	2539.43   	1060.000000	6712.73   	1060.000000	6343.69   	1060.000000	8091.31   	
1080.000000	1.20182e+06	1080.000000	1.20051e+06	1080.000000	1.19146e+06	1080.000000	1.19803e+06	1080.000000	1.19147e+06	1080.000000	4760.71   	1080.000000	2601.31   	1080.000000	6863.74   	1080.000000	6495.38   	1080.000000	8292.34   	
1100.000000	1.23273e+06	1100.000000	1.23116e+06	1100.000000	1.22169e+06	1100.000000	1.22843e+06	1100.000000	1.22169e+06	1100.000000	4852.36   	1100.000000	2663.36   	1100.000000	7014.43   	1100.000000	6647.09   	1100.000000	8493.58   	
1120.000000	1.26375e+06	1120.000000	1.26191e+06	1120.000000	1.25201e+06	1120.000000	1.25894e+06	1120.000000	1.25201e+06	1120.000000	4943.44   	1120.000000	2725.57   	1120.000000	7164.79   	1120.000000	6798.81   	1120.000000	8694.98   	
1140.000000	1.29487e+06	1140.000000	1.29276e+06	1140.000000	1.28242e+06	1140.000000	1.28954e+06	1140.000000	1.28242e+06	1140.000000	5033.95   	1140.000000	2787.94   	1140.000000	7314.8    	1140.000000	6950.51   	1140.000000	8896.52   	
1160.000000	1.32609e+06	1160.000000	1.3237e+06	1160.000000	1.31292e+06	1160.000000	1.32023e+06	1160.000000	1.31292e+06	1160.000000	5123.88   	1160.000000	2850.49   	1160.000000	7464.46   	1160.000000	7102.17   	1160.000000	9098.17   	
1180.000000	1.3574e+06	1180.000000	1.35472e+06	1180.000000	1.34351e+06	1180.000000	1.351e+06 	1180.000000	1.34351e+06	1180.000000	5213.24   	1180.000000	2913.22   	1180.000000	7613.74   	1180.000000	7253.77   	1180.000000	9299.91   	
1200.000000	1.3888e+06	1200.000000	1.38583e+06	1200.000000	1.37417e+06	1200.000000	1.38185e+06	1200.000000	1.37417e+06	1200.000000	5302.04   	1200.000000	2976.1    	1200.000000	7762.64   	1200.000000	7405.3    	1200.000000	9501.7    	
1220.000000	1.42028e+06	1220.000000	1.41702e+06	1220.000000	1.40492e+06	1220.000000	1.41278e+06	1220.000000	1.40492e+06	1220.000000	5390.26   	1220.000000	3039.15   	1220.000000	7911.14   	1220.000000	7556.74   	1220.000000	9703.51   	
1240.000000	1.45185e+06	1240.000000	1.44828e+06	1240.000000	1.43573e+06	1240.000000	1.44379e+06	1240.000000	1.43574e+06	1240.000000	5477.91   	1240.000000	3102.34   	1240.000000	8059.24   	1240.000000	7708.07   	1240.000000	9905.34   	
1260.000000	1.48349e+06	1260.000000	1.47962e+06	1260.000000	1.46662e+06	1260.000000	1.47487e+06	1260.000000	1.46662e+06	1260.000000	5565      	1260.000000	3165.66   	1260.000000	8206.93   	1260.000000	7859.28   	1260.000000	10107.1   	
1280.000000	1.51519e+06	1280.000000	1.51102e+06	1280.000000	1.49757e+06	1280.000000	1.50601e+06	1280.000000	1.49758e+06	1280.000000	5651.53   	1280.000000	3229.12   	1280.000000	8354.2    	1280.000000	8010.36   	1280.000000	10308.9   	
1300.000000	1.54697e+06	1300.000000	1.54248e+06	1300.000000	1.52859e+06	1300.000000	1.53722e+06	1300.000000	1.5286e+06	1300.000000	5737.5    	1300.000000	3292.69   	1300.000000	8501.04   	1300.000000	8161.29   	1300.000000	10510.6   	
1320.000000	1.57881e+06	1320.000000	1.57401e+06	1320.000000	1.55967e+06	1320.000000	1.5685e+06	1320.000000	1.55968e+06	1320.000000	5822.91   	1320.000000	3356.39   	1320.000000	8647.45   	1320.000000	8312.06   	1320.000000	10712.2   	
1340.000000	1.61071e+06	1340.000000	1.60559e+06	1340.000000	1.59081e+06	1340.000000	1.59983e+06	1340.000000	1.59082e+06	1340.000000	5907.78   	1340.000000	3420.22   	1340.000000	8793.41   	1340.000000	8462.66   	1340.000000	10913.8   	
1360.000000	1.64267e+06	1360.000000	1.63723e+06	1360.000000	1.62201e+06	1360.000000	1.63122e+06	1360.000000	1.62202e+06	1360.000000	5992.09   	1360.000000	3484.16   	1360.000000	8938.93   	1360.000000	8613.07   	1360.000000	11115.2   	
1380.000000	1.67468e+06	1380.000000	1.66892e+06	1380.000000	1.65325e+06	1380.000000	1.66266e+06	1380.000000	1.65327e+06	1380.000000	6075.86   	1380.000000	3548.22   	1380.000000	9084      	1380.000000	8763.29   	1380.000000	11316.5   	
1400.000000	1.70673e+06	1400.000000	1.70066e+06	1400.000000	1.68456e+06	1400.000000	1.69415e+06	1400.000000	1.68457e+06	1400.000000	6159.08   	1400.000000	3612.41   	1400.000000	9228.61   	1400.000000	8913.31   	1400.000000	11517.6   	
1420.000000	1.73884e+06	1420.000000	1.73245e+06	1420.000000	1.71591e+06	1420.000000	1.72569e+06	1420.000000	1.71592e+06	1420.000000	6241.77   	1420.000000	3676.71   	1420.000000	9372.76   	1420.000000	9063.11   	1420.000000	11718.6   	
1440.000000	1.77098e+06	1440.000000	1.76427e+06	1440.000000	1.74731e+06	1440.000000	1.75728e+06	1440.000000	1.74731e+06	1440.000000	6323.93   	1440.000000	3741.12   	1440.000000	9516.45   	1440.000000	9212.69   	1440.000000	11919.4   	
1460.000000	1.80317e+06	1460.000000	1.79614e+06	1460.000000	1.77875e+06	1460.000000	1.78892e+06	1460.000000	1.77876e+06	1460.000000	6405.56   	1460.000000	3805.65   	1460.000000	9659.68   	1460.000000	9362.04   	1460.000000	12120     	
1480.000000	1.83539e+06	1480.000000	1.82804e+06	1480.000000	1.81023e+06	1480.000000	1.8206e+06	1480.000000	1.81024e+06	1480.000000	6486.66   	1480.000000	3870.29   	1480.000000	9802.43   	1480.000000	9511.15   	1480.000000	12320.3   	
1500.000000	1.86765e+06	1500.000000	1.85998e+06	1500.000000	1.84176e+06	1500.000000	1.85232e+06	1500.000000	1.84177e+06	1500.000000	6567.24   	1500.000000	3935.04   	1500.000000	9944.71   	1500.000000	9660.02   	1500.000000	12520.5   	
1520.000000	1.89994e+06	1520.000000	1.89196e+06	1520.000000	1.87332e+06	1520.000000	1.88407e+06	1520.000000	1.87333e+06	1520.000000	6647.31   	1520.000000	3999.9    	1520.000000	10086.5   	1520.000000	9808.63   	1520.000000	12720.5   	
1540.000000	1.93226e+06	1540.000000	1.92396e+06	1540.000000	1.90493e+06	1540.000000	1.91587e+06	1540.000000	1.90493e+06	1540.000000	6726.87   	1540.000000	4064.86   	1540.000000	10227.8   	1540.000000	9956.98   	1540.000000	12920.2   	
1560.000000	1.9646e+06	1560.000000	1.95599e+06	1560.000000	1.93656e+06	1560.000000	1.9477e+06	1560.000000	1.93657e+06	1560.000000	6805.93   	1560.000000	4129.93   	1560.000000	10368.7   	1560.000000	10105.1   	1560.000000	13119.6   	
1580.000000	1.99697e+06	1580.000000	1.98805e+06	1580.000000	1.96823e+06	1580.000000	1.97956e+06	1580.000000	1.96824e+06	1580.000000	6884.48   	1580.000000	4195.1    	1580.000000	10509.1   	1580.000000	10252.9   	1580.000000	13318.8   	
1600.000000	2.02935e+06	1600.000000	2.02013e+06	1600.000000	1.99993e+06	1600.000000	2.01146e+06	1600.000000	1.99994e+06	1600.000000	6962.53   	1600.000000	4260.38   	1600.000000	10649     	1600.000000	10400.4   	1600.000000	13517.8   	
1620.000000	2.06176e+06	1620.000000	2.05223e+06	1620.000000	2.03167e+06	1620.000000	2.04338e+06	1620.000000	2.03167e+06	1620.000000	7040.1    	1620.000000	4325.76   	1620.000000	10788.4   	1620.000000	10547.7   	1620.000000	13716.4   	
1640.000000	2.09418e+06	1640.000000	2.08436e+06	1640.000000	2.06343e+06	1640.000000	2.07534e+06	1640.000000	2.06343e+06	1640.000000	7117.17   	1640.000000	4391.25   	1640.000000	10927.3   	1640.000000	10694.6   	1640.000000	13914.8   	
1660.000000	2.12662e+06	1660.000000	2.1165e+06	1660.000000	2.09521e+06	1660.000000	2.10732e+06	1660.000000	2.09522e+06	1660.000000	7193.77   	1660.000000	4456.83   	1660.000000	11065.8   	1660.000000	10841.3   	1660.000000	14112.9   	
1680.000000	2.15907e+06	1680.000000	2.14866e+06	1680.000000	2.12703e+06	1680.000000	2.13933e+06	1680.000000	2.12703e+06	1680.000000	7269.88   	1680.000000	4522.52   	1680.000000	11203.7   	1680.000000	10987.7   	1680.000000	14310.6   	
1700.000000	2.19152e+06	1700.000000	2.18083e+06	1700.000000	2.15886e+06	1700.000000	2.17136e+06	1700.000000	2.15887e+06	1700.000000	7345.53   	1700.000000	4588.31   	1700.000000	11341.2   	1700.000000	11133.8   	1700.000000	14508.1   	
1750.000000	2.2727e+06	1750.000000	2.26132e+06	1750.000000	2.23856e+06	1750.000000	2.25155e+06	1750.000000	2.23856e+06	1750.000000	7532.6    	1750.000000	4753.2    	1750.000000	11682.9   	1750.000000	11497.6   	1750.000000	15000.3   	
1800.000000	2.3539e+06	1800.000000	2.34186e+06	1800.000000	2.31837e+06	1800.000000	2.33186e+06	1800.000000	2.31838e+06	1800.000000	7716.82   	1800.000000	4918.66   	1800.000000	12021.5   	1800.000000	11859.5   	1800.000000	15490.5   	
1850.000000	2.43508e+06	1850.000000	2.42244e+06	1850.000000	2.3983e+06	1850.000000	2.41227e+06	1850.000000	2.39831e+06	1850.000000	7898.26   	1850.000000	5084.66   	1850.000000	12357.2   	1850.000000	12219.4   	1850.000000	15978.4   	
1900.000000	2.51623e+06	1900.000000	2.50303e+06	1900.000000	2.47832e+06	1900.000000	2.49279e+06	1900.000000	2.47833e+06	1900.000000	8077      	1900.000000	5251.17   	1900.000000	12689.9   	1900.000000	12577.3   	1900.000000	16464.2   	
1950.000000	2.59733e+06	1950.000000	2.58361e+06	1950.000000	2.55842e+06	1950.000000	2.57338e+06	1950.000000	2.55844e+06	1950.000000	8253.09   	1950.000000	5418.16   	1950.000000	13019.6   	1950.000000	12933.1   	1950.000000	16947.7   	
2000.000000	2.67834e+06	2000.000000	2.66417e+06	2000.000000	2.63859e+06	2000.000000	2.65404e+06	2000.000000	2.63861e+06	2000.000000	8426.63   	2000.000000	5585.64   	2000.000000	13346.5   	2000.000000	13286.8   	2000.000000	17428.8   	
2100.000000	2.84004e+06	2100.000000	2.82514e+06	2100.000000	2.79908e+06	2100.000000	2.8155e+06	2100.000000	2.79909e+06	2100.000000	8766.26   	2100.000000	5922.09   	2100.000000	13991.6   	2100.000000	13987.9   	2100.000000	18383.7   	
2200.000000	3.0012e+06	2200.000000	2.98582e+06	2200.000000	2.9597e+06	2200.000000	2.9771e+06	2200.000000	2.95972e+06	2200.000000	9096.41   	2200.000000	6260.57   	2200.000000	14625.4   	2200.000000	14680.5   	2200.000000	19328.9   	
2300.000000	3.16167e+06	2300.000000	3.14611e+06	2300.000000	3.12038e+06	2300.000000	3.13875e+06	2300.000000	3.1204e+06	2300.000000	9417.58   	2300.000000	6601.12   	2300.000000	15248.3   	2300.000000	15364.5   	2300.000000	20263.9   	
2400.000000	3.32136e+06	2400.000000	3.30592e+06	2400.000000	3.28107e+06	2400.000000	3.30041e+06	2400.000000	3.28108e+06	2400.000000	9730.22   	2400.000000	6943.69   	2400.000000	15860.5   	2400.000000	16040     	2400.000000	21188.9   	
2500.000000	3.48017e+06	2500.000000	3.46517e+06	2500.000000	3.4417e+06	2500.000000	3.46201e+06	2500.000000	3.44172e+06	2500.000000	10034.8   	2500.000000	7288.23   	2500.000000	16462.3   	2500.000000	16707.1   	2500.000000	22103.7   	
2600.000000	3.63802e+06	2600.000000	3.62381e+06	2600.000000	3.60225e+06	2600.000000	3.62351e+06	2600.000000	3.60226e+06	2600.000000	10331.7   	2600.000000	7634.66   	2600.000000	17054.1   	2600.000000	17365.7   	2600.000000	23008.2   	
2700.000000	3.79484e+06	2700.000000	3.78177e+06	2700.000000	3.76267e+06	2700.000000	3.78489e+06	2700.000000	3.76268e+06	2700.000000	10621.3   	2700.000000	7982.95   	2700.000000	17636.1   	2700.000000	18016     	2700.000000	23902.7   	
2800.000000	3.95057e+06	2800.000000	3.93901e+06	2800.000000	3.92292e+06	2800.000000	3.9461e+06	2800.000000	3.92293e+06	2800.000000	10903.9   	2800.000000	8333.04   	2800.000000	18208.7   	2800.000000	18658.1   	2800.000000	24787.1   	
2900.000000	4.10516e+06	2900.000000	4.09549e+06	2900.000000	4.083e+06 	2900.000000	4.10713e+06	2900.000000	4.08301e+06	2900.000000	11180     	2900.000000	8684.91   	2900.000000	18772.1   	2900.000000	19292.1   	2900.000000	25661.5   	
3000.000000	4.25857e+06	3000.000000	4.25117e+06	3000.000000	4.24286e+06	3000.000000	4.26795e+06	3000.000000	4.24288e+06	3000.000000	11449.8   	3000.000000	9038.54   	3000.000000	19326.6   	3000.000000	19918.2   	3000.000000	26526.1   	
3200.000000	4.56172e+06	3200.000000	4.56004e+06	3200.000000	4.56191e+06	3200.000000	4.58888e+06	3200.000000	4.56193e+06	3200.000000	11971.7   	3200.000000	9750.95   	3200.000000	20410.2   	3200.000000	21147.3   	3200.000000	28226.4   	
3400.000000	4.85979e+06	3400.000000	4.86543e+06	3400.000000	4.87995e+06	3400.000000	4.9088e+06	3400.000000	4.87998e+06	3400.000000	12471.7   	3400.000000	10470.1   	3400.000000	21461.6   	3400.000000	22346.6   	3400.000000	29889.1   	
3600.000000	5.15266e+06	3600.000000	5.16722e+06	3600.000000	5.19692e+06	3600.000000	5.22761e+06	3600.000000	5.19695e+06	3600.000000	12951.9   	3600.000000	11195.9   	3600.000000	22482.8   	3600.000000	23517.2   	3600.000000	31515.5   	
3800.000000	5.44024e+06	3800.000000	5.46533e+06	3800.000000	5.51274e+06	3800.000000	5.54528e+06	3800.000000	5.51278e+06	3800.000000	13413.7   	3800.000000	11928.2   	3800.000000	23475.5   	3800.000000	24660.4   	3800.000000	33107     	
4000.000000	5.7225e+06	4000.000000	5.75973e+06	4000.000000	5.82741e+06	4000.000000	5.86177e+06	4000.000000	5.82745e+06	4000.000000	13858.8   	4000.000000	12666.9   	4000.000000	24441.6   	4000.000000	25777.4   	4000.000000	34664.9   	
4200.000000	5.99944e+06	4200.000000	6.05038e+06	4200.000000	6.14089e+06	4200.000000	6.17705e+06	4200.000000	6.14094e+06	4200.000000	14288.4   	4200.000000	13411.9   	4200.000000	25382.6   	4200.000000	26869.4   	4200.000000	36190.6   	
4400.000000	6.27108e+06	4400.000000	6.3373e+06	4400.000000	6.45319e+06	4400.000000	6.49113e+06	4400.000000	6.45324e+06	4400.000000	14703.6   	4400.000000	14163.1   	4400.000000	26300     	4400.000000	27937.5   	4400.000000	37685.4   	
4600.000000	6.53749e+06	4600.000000	6.6205e+06	4600.000000	6.76429e+06	4600.000000	6.804e+06 	4600.000000	6.76434e+06	4600.000000	15105.6   	4600.000000	14920.5   	4600.000000	27195     	4600.000000	28982.7   	4600.000000	39150.6   	
4800.000000	6.79872e+06	4800.000000	6.90001e+06	4800.000000	7.07422e+06	4800.000000	7.11568e+06	4800.000000	7.07427e+06	4800.000000	15495.2   	4800.000000	15683.9   	4800.000000	28068.9   	4800.000000	30006.1   	4800.000000	40587.3   	
5000.000000	7.05485e+06	5000.000000	7.17588e+06	5000.000000	7.38297e+06	5000.000000	7.42617e+06	5000.000000	7.38303e+06	5000.000000	15873.3   	5000.000000	16453.3   	5000.000000	28922.8   	5000.000000	31008.7   	5000.000000	41996.7   	
5250.000000	7.36799e+06	5250.000000	7.51567e+06	5250.000000	7.76729e+06	5250.000000	7.81263e+06	5250.000000	7.76735e+06	5250.000000	16330.8   	5250.000000	17423.4   	5250.000000	29963.7   	5250.000000	32233.9   	5250.000000	43721.8   	
5500.000000	7.67349e+06	5500.000000	7.84994e+06	5500.000000	8.14984e+06	5500.000000	8.19731e+06	5500.000000	8.1499e+06	5500.000000	16772.8   	5500.000000	18402.6   	5500.000000	30976.9   	5500.000000	33429.5   	5500.000000	45408     	
6000.000000	8.2624e+06	6000.000000	8.50241e+06	6000.000000	8.90979e+06	6000.000000	8.96144e+06	6000.000000	8.90985e+06	6000.000000	17615     	6000.000000	20387.7   	6000.000000	32926.9   	6000.000000	35738.1   	6000.000000	48671.3   	
6500.000000	8.82324e+06	6500.000000	9.13427e+06	6500.000000	9.66314e+06	6500.000000	9.71889e+06	6500.000000	9.66321e+06	6500.000000	18407.7   	6500.000000	22407.7   	6500.000000	34784.4   	6500.000000	37945.6   	6500.000000	51800.6   	
7000.000000	9.35767e+06	7000.000000	9.74654e+06	7000.000000	1.04102e+07	7000.000000	1.047e+07 	7000.000000	1.04103e+07	7000.000000	19157.3   	7000.000000	24461.5   	7000.000000	36559.7   	7000.000000	40061.4   	7000.000000	54807.9   	
7500.000000	9.86732e+06	7500.000000	1.03402e+07	7500.000000	1.11514e+07	7500.000000	1.12151e+07	7500.000000	1.11515e+07	7500.000000	19868.9   	7500.000000	26548.1   	7500.000000	38260.9   	7500.000000	42094     	7500.000000	57703.9   	
8000.000000	1.03537e+07	8000.000000	1.09163e+07	8000.000000	1.1887e+07	8000.000000	1.19545e+07	8000.000000	1.1887e+07	8000.000000	20547.1   	8000.000000	28666.9   	8000.000000	39895.3   	8000.000000	44050.5   	8000.000000	60497.9   	
8500.000000	1.08184e+07	8500.000000	1.14756e+07	8500.000000	1.26172e+07	8500.000000	1.26886e+07	8500.000000	1.26173e+07	8500.000000	21195.2   	8500.000000	30816.8   	8500.000000	41469     	8500.000000	45937.2   	8500.000000	63198     	
9000.000000	1.12627e+07	9000.000000	1.20192e+07	9000.000000	1.33424e+07	9000.000000	1.34175e+07	9000.000000	1.33425e+07	9000.000000	21816.5   	9000.000000	32996.5   	9000.000000	42987.2   	9000.000000	47759.8   	9000.000000	65811.5   	
9500.000000	1.16878e+07	9500.000000	1.25477e+07	9500.000000	1.40628e+07	9500.000000	1.41417e+07	9500.000000	1.40629e+07	9500.000000	22413.3   	9500.000000	35205.3   	9500.000000	44454.7   	9500.000000	49523.2   	9500.000000	68344.9   	
10000.000000	1.20951e+07	10000.000000	1.3062e+07	10000.000000	1.47787e+07	10000.000000	1.48612e+07	10000.000000	1.47788e+07	10000.000000	22988.1   	10000.000000	37443.1   	10000.000000	45875.4   	10000.000000	51231.7   	10000.000000	70803.9   	
11000.000000	1.28601e+07	11000.000000	1.40509e+07	11000.000000	1.61978e+07	11000.000000	1.62873e+07	11000.000000	1.61978e+07	11000.000000	24078.7   	11000.000000	42003.4   	11000.000000	48590.4   	11000.000000	54499.3   	11000.000000	75518.7   	
12000.000000	1.35655e+07	12000.000000	1.49909e+07	12000.000000	1.76011e+07	12000.000000	1.76975e+07	12000.000000	1.76011e+07	12000.000000	25101     	12000.000000	46669.1   	12000.000000	51156.1   	12000.000000	57589.1   	12000.000000	79991     	
13000.000000	1.42181e+07	13000.000000	1.58867e+07	13000.000000	1.899e+07 	13000.000000	1.90932e+07	13000.000000	1.89901e+07	13000.000000	26064.8   	13000.000000	51434.1   	13000.000000	53591.6   	13000.000000	60522.7   	13000.000000	84249.5   	
14000.000000	1.48237e+07	14000.000000	1.67422e+07	14000.000000	2.03658e+07	14000.000000	2.04756e+07	14000.000000	2.03658e+07	14000.000000	26977.8   	14000.000000	56296.8   	14000.000000	55912.5   	14000.000000	63317.9   	14000.000000	88317.9   	
15000.000000	1.53872e+07	15000.000000	1.75609e+07	15000.000000	2.17294e+07	15000.000000	2.18456e+07	15000.000000	2.17294e+07	15000.000000	27846.3   	15000.000000	61256.2   	15000.000000	58131.4   	15000.000000	65989.5   	15000.000000	92216.2   	
16000.000000	1.59129e+07	16000.000000	1.83459e+07	16000.000000	2.30818e+07	16000.000000	2.32043e+07	16000.000000	2.30818e+07	16000.000000	28675.5   	16000.000000	66309.3   	16000.000000	60259.1   	16000.000000	68550     	16000.000000	95961.1   	
17000.000000	1.64044e+07	17000.000000	1.90999e+07	17000.000000	2.44237e+07	17000.000000	2.45523e+07	17000.000000	2.44237e+07	17000.000000	29469.6   	17000.000000	71451.2   	17000.000000	62304.4   	17000.000000	71009.8   	17000.000000	99566.8   	
18000.000000	1.68652e+07	18000.000000	1.98253e+07	18000.000000	2.57559e+07	18000.000000	2.58904e+07	18000.000000	2.57558e+07	18000.000000	30232.2   	18000.000000	76677.2   	18000.000000	64275.1   	18000.000000	73378.2   	18000.000000	103046    	
19000.000000	1.7298e+07	19000.000000	2.05242e+07	19000.000000	2.70789e+07	19000.000000	2.72192e+07	19000.000000	2.70787e+07	19000.000000	30966.3   	19000.000000	81982.8   	19000.000000	66177.7   	19000.000000	75663.1   	19000.000000	106409    	
20000.000000	1.77053e+07	20000.000000	2.11986e+07	20000.000000	2.83933e+07	20000.000000	2.85393e+07	20000.000000	2.8393e+07	20000.000000	31674.6   	20000.000000	87364.2   	20000.000000	68017.9   	20000.000000	77871.2   	20000.000000	109665    	
21000.000000	1.80893e+07	21000.000000	2.185e+07 	21000.000000	2.96995e+07	21000.000000	2.98511e+07	21000.000000	2.96992e+07	21000.000000	32359.2   	21000.000000	92818.9   	21000.000000	69800.7   	21000.000000	80008.5   	21000.000000	112822    	
22000.000000	1.84521e+07	22000.000000	2.24801e+07	22000.000000	3.0998e+07	22000.000000	3.11551e+07	22000.000000	3.09977e+07	22000.000000	33022.2   	22000.000000	98348.5   	22000.000000	71530.4   	22000.000000	82080.5   	22000.000000	115889    	
23000.000000	1.87952e+07	23000.000000	2.30903e+07	23000.000000	3.22893e+07	23000.000000	3.24518e+07	23000.000000	3.2289e+07	23000.000000	33665.2   	23000.000000	103952    	23000.000000	73210.9   	23000.000000	84091.7   	23000.000000	118870    	
24000.000000	1.91203e+07	24000.000000	2.36817e+07	24000.000000	3.35737e+07	24000.000000	3.37415e+07	24000.000000	3.35734e+07	24000.000000	34289.7   	24000.000000	109625    	24000.000000	74845.6   	24000.000000	86046.4   	24000.000000	121772    	
25000.000000	1.94288e+07	25000.000000	2.42556e+07	25000.000000	3.48516e+07	25000.000000	3.50245e+07	25000.000000	3.48513e+07	25000.000000	34897.1   	25000.000000	115362    	25000.000000	76437.5   	25000.000000	87948.3   	25000.000000	124601    	
26000.000000	1.97219e+07	26000.000000	2.4813e+07	26000.000000	3.61232e+07	26000.000000	3.63012e+07	26000.000000	3.61229e+07	26000.000000	35488.5   	26000.000000	121164    	26000.000000	77989.4   	26000.000000	89800.7   	26000.000000	127360    	
27000.000000	2.00007e+07	27000.000000	2.53548e+07	27000.000000	3.73888e+07	27000.000000	3.75718e+07	27000.000000	3.73885e+07	27000.000000	36065     	27000.000000	127032    	27000.000000	79503.8   	27000.000000	91606.8   	27000.000000	130053    	
28000.000000	2.02663e+07	28000.000000	2.58819e+07	28000.000000	3.86488e+07	28000.000000	3.88367e+07	28000.000000	3.86485e+07	28000.000000	36627.6   	28000.000000	132965    	28000.000000	80982.9   	28000.000000	93369.2   	28000.000000	132685    	
29000.000000	2.05196e+07	29000.000000	2.63951e+07	29000.000000	3.99033e+07	29000.000000	4.0096e+07	29000.000000	3.9903e+07	29000.000000	37177.1   	29000.000000	138959    	29000.000000	82428.7   	29000.000000	95090.5   	29000.000000	135260    	
30000.000000	2.07614e+07	30000.000000	2.68952e+07	30000.000000	4.11526e+07	30000.000000	4.13499e+07	30000.000000	4.11523e+07	30000.000000	37714.2   	30000.000000	145012    	30000.000000	83843.1   	30000.000000	96772.9   	30000.000000	137779    	
32000.000000	2.12135e+07	32000.000000	2.78584e+07	32000.000000	4.36363e+07	32000.000000	4.38427e+07	32000.000000	4.36361e+07	32000.000000	38754.4   	32000.000000	157287    	32000.000000	86584.1   	32000.000000	100029    	32000.000000	142665    	
34000.000000	2.1628e+07	34000.000000	2.87764e+07	34000.000000	4.61014e+07	34000.000000	4.63166e+07	34000.000000	4.61013e+07	34000.000000	39753.1   	34000.000000	169789    	34000.000000	89217.8   	34000.000000	103153    	34000.000000	147363    	
36000.000000	2.20093e+07	36000.000000	2.96534e+07	36000.000000	4.85493e+07	36000.000000	4.87728e+07	36000.000000	4.85493e+07	36000.000000	40714.4   	36000.000000	182512    	36000.000000	91754.3   	36000.000000	106157    	36000.000000	151891    	
38000.000000	2.23613e+07	38000.000000	3.04929e+07	38000.000000	5.09812e+07	38000.000000	5.12126e+07	38000.000000	5.09813e+07	38000.000000	41641.9   	38000.000000	195440    	38000.000000	94202.2   	38000.000000	109052    	38000.000000	156265    	
40000.000000	2.26871e+07	40000.000000	3.12982e+07	40000.000000	5.33981e+07	40000.000000	5.36369e+07	40000.000000	5.33982e+07	40000.000000	42538.5   	40000.000000	208552    	40000.000000	96569     	40000.000000	111847    	40000.000000	160495    	
42000.000000	2.29895e+07	42000.000000	3.2072e+07	42000.000000	5.58009e+07	42000.000000	5.60468e+07	42000.000000	5.58011e+07	42000.000000	43407     	42000.000000	221841    	42000.000000	98861.2   	42000.000000	114550    	42000.000000	164595    	
44000.000000	2.3271e+07	44000.000000	3.28167e+07	44000.000000	5.81905e+07	44000.000000	5.8443e+07	44000.000000	5.81907e+07	44000.000000	44249.5   	44000.000000	235306    	44000.000000	101084    	44000.000000	117168    	44000.000000	168574    	
46000.000000	2.35335e+07	46000.000000	3.35344e+07	46000.000000	6.05675e+07	46000.000000	6.08263e+07	46000.000000	6.05677e+07	46000.000000	45068.1   	46000.000000	248946    	46000.000000	103244    	46000.000000	119707    	46000.000000	172440    	
48000.000000	2.37789e+07	48000.000000	3.42272e+07	48000.000000	6.29326e+07	48000.000000	6.31973e+07	48000.000000	6.29329e+07	48000.000000	45864.6   	48000.000000	262763    	48000.000000	105344    	48000.000000	122173    	48000.000000	176202    	
50000.000000	2.40088e+07	50000.000000	3.48968e+07	50000.000000	6.52864e+07	50000.000000	6.55567e+07	50000.000000	6.52869e+07	50000.000000	46640.5   	50000.000000	276754    	50000.000000	107388    	50000.000000	124572    	50000.000000	179866    	
