! 1H range in H2O
! apply ZOOM for details
Energy (MeV/u)1	0 - [He-base] F.Hubert et al, AD&ND Tables 46(1990)1	Energy (MeV/u)2	1 - [H -base] J.F.Ziegler et al,Pergamon Press,NY(low energy)	Energy (MeV/u)3	2 - ATIMA 1.2 LS-theory (recommended for high energy)	Energy (MeV/u)4	3 - ATIMA 1.2 without LS-correction	Energy (MeV/u)5	4 - ATIMA 1.4 H.Weick, improved mean charge formula for HI	Energy (MeV/u)6	5 - Range straggling - method [0] - LISE	Energy (MeV/u)7	6 - Range straggling - method [1] - Atima	Energy (MeV/u)8	7 - Lateral range - method [0] - LISE	Energy (MeV/u)9	8 - Lateral range - method [1] - Atima	Energy (MeV/u)10	9 - Lateral range - method [2] - PDG	
0.001000	0.0545455 	0.001000	0.0545455 	0.001000	0.0423673 	0.001000	0.0423673 	0.001000	0.0423811 	0.001000	0         	0.001000	0         	0.001000	0.000348912	0.001000	0.000608743	0.001000	0.000307625	
0.002000	0.125222  	0.002000	0.109091  	0.002000	0.0847347 	0.002000	0.0847347 	0.002000	0.0847623 	0.002000	0.00692698	0.002000	0.00692698	0.002000	0.00102171	0.002000	0.00172194	0.002000	0.000951572	
0.005000	0.290775  	0.005000	0.23686   	0.005000	0.185737  	0.005000	0.185737  	0.005000	0.185778  	0.005000	0.0080294 	0.005000	0.0080294 	0.005000	0.00340327	0.005000	0.00556071	0.005000	0.00330872	
0.008000	0.423137  	0.008000	0.339012  	0.008000	0.268032  	0.008000	0.268032  	0.008000	0.268078  	0.008000	0.00806631	0.008000	0.00806631	0.008000	0.00598608	0.008000	0.00962957	0.008000	0.00593539	
0.010000	0.501124  	0.010000	0.3992    	0.010000	0.317035  	0.010000	0.317035  	0.010000	0.317083  	0.010000	0.00819074	0.010000	0.00819074	0.010000	0.0077537 	0.010000	0.0123831 	0.010000	0.00775554	
0.015000	0.671022  	0.015000	0.530321  	0.015000	0.426501  	0.015000	0.426501  	0.015000	0.426552  	0.015000	0.00881198	0.015000	0.00881198	0.015000	0.0122459 	0.015000	0.0193089 	0.015000	0.0124323 	
0.020000	0.816316  	0.020000	0.642454  	0.020000	0.523398  	0.020000	0.523398  	0.020000	0.523451  	0.020000	0.00963849	0.020000	0.00963849	0.020000	0.0167919 	0.020000	0.0262417 	0.020000	0.0172179 	
0.025000	0.945743  	0.025000	0.742341  	0.025000	0.611756  	0.025000	0.611756  	0.025000	0.61181   	0.025000	0.010505  	0.025000	0.010505  	0.025000	0.0213617 	0.025000	0.0331549 	0.025000	0.022067  	
0.030000	1.064     	0.030000	0.833607  	0.030000	0.694363  	0.030000	0.694363  	0.030000	0.694417  	0.030000	0.011365  	0.030000	0.011365  	0.030000	0.0259788 	0.030000	0.0400919 	0.030000	0.0269987 	
0.035000	1.17398   	0.035000	0.918484  	0.035000	0.77311   	0.035000	0.77311   	0.035000	0.773165  	0.035000	0.0122121 	0.035000	0.0122121 	0.035000	0.0306771 	0.035000	0.047107  	0.035000	0.0320468 	
0.040000	1.27761   	0.040000	0.998463  	0.040000	0.848862  	0.040000	0.848862  	0.040000	0.848917  	0.040000	0.0130377 	0.040000	0.0130377 	0.040000	0.0354572 	0.040000	0.054206  	0.040000	0.0372082 	
0.045000	1.37627   	0.045000	1.07461   	0.045000	0.922242  	0.045000	0.922242  	0.045000	0.922297  	0.045000	0.0138402 	0.045000	0.0138402 	0.045000	0.0403221 	0.045000	0.0613963 	0.045000	0.0424839 	
0.050000	1.47098   	0.050000	1.1477    	0.050000	0.993723  	0.050000	0.993723  	0.050000	0.993779  	0.050000	0.0146208 	0.050000	0.0151763 	0.050000	0.0452669 	0.050000	0.0686705 	0.050000	0.0478764 	
0.055000	1.56252   	0.055000	1.21835   	0.055000	1.06367   	0.055000	1.06367   	0.055000	1.06373   	0.055000	0.0153821 	0.055000	0.0166785 	0.055000	0.0502194 	0.055000	0.0759003 	0.055000	0.0533893 	
0.060000	1.65152   	0.060000	1.28704   	0.060000	1.13239   	0.060000	1.13239   	0.060000	1.13244   	0.060000	0.016127  	0.060000	0.0180419 	0.060000	0.0552016 	0.060000	0.0831256 	0.060000	0.0590267 	
0.070000	1.82381   	0.070000	1.42      	0.070000	1.26703   	0.070000	1.26703   	0.070000	1.26709   	0.070000	0.0175787 	0.070000	0.0204822 	0.070000	0.0653182 	0.070000	0.0976729 	0.070000	0.069113  	
0.080000	1.99092   	0.080000	1.54897   	0.080000	1.39915   	0.080000	1.39915   	0.080000	1.39921   	0.080000	0.0189966 	0.080000	0.0226693 	0.080000	0.0757181 	0.080000	0.112486  	0.080000	0.0777079 	
0.090000	2.15504   	0.090000	1.67563   	0.090000	1.52982   	0.090000	1.52982   	0.090000	1.52988   	0.090000	0.0203976 	0.090000	0.0246956 	0.090000	0.0860093 	0.090000	0.127034  	0.090000	0.0853497 	
0.100000	2.3178    	0.100000	1.80125   	0.100000	1.65986   	0.100000	1.65986   	0.100000	1.65992   	0.100000	0.0217956 	0.100000	0.0266177 	0.100000	0.0952015 	0.100000	0.139968  	0.100000	0.0923845 	
0.120000	2.64391   	0.120000	2.05293   	0.120000	1.92045   	0.120000	1.92045   	0.120000	1.9205    	0.120000	0.0246256 	0.120000	0.0302882 	0.120000	0.111326  	0.120000	0.162494  	0.120000	0.105102  	
0.140000	2.97622   	0.140000	2.30939   	0.140000	2.18464   	0.140000	2.18464   	0.140000	2.18469   	0.140000	0.0275555 	0.140000	0.0338699 	0.140000	0.125752  	0.140000	0.182461  	0.140000	0.116839  	
0.160000	3.31903   	0.160000	2.57396   	0.160000	2.45493   	0.160000	2.45493   	0.160000	2.45499   	0.160000	0.0306342 	0.160000	0.0374594 	0.160000	0.139167  	0.160000	0.200865  	0.160000	0.128038  	
0.180000	3.67505   	0.180000	2.84873   	0.180000	2.73312   	0.180000	2.73312   	0.180000	2.73318   	0.180000	0.0338977 	0.180000	0.0411174 	0.180000	0.152069  	0.180000	0.218422  	0.180000	0.138821  	
0.200000	4.04596   	0.200000	3.13499   	0.200000	3.02052   	0.200000	3.02052   	0.200000	3.02057   	0.200000	0.0373731 	0.200000	0.0448896 	0.200000	0.164644  	0.200000	0.235404  	0.200000	0.14953   	
0.250000	5.04401   	0.250000	3.90524   	0.250000	3.78514   	0.250000	3.78514   	0.250000	3.7852    	0.250000	0.0471143 	0.250000	0.0550062 	0.250000	0.19577   	0.250000	0.276943  	0.250000	0.176291  	
0.300000	6.14689   	0.300000	4.75641   	0.300000	4.62283   	0.300000	4.62283   	0.300000	4.62289   	0.300000	0.0585078 	0.300000	0.0663013 	0.300000	0.227414  	0.300000	0.318539  	0.300000	0.20394   	
0.350000	7.35431   	0.350000	5.68826   	0.350000	5.53862   	0.350000	5.53862   	0.350000	5.53868   	0.350000	0.0716477 	0.350000	0.078886  	0.350000	0.260264  	0.350000	0.36116   	0.350000	0.232897  	
0.400000	8.66373   	0.400000	6.69883   	0.400000	6.53476   	0.400000	6.53476   	0.400000	6.53482   	0.400000	0.086556  	0.400000	0.0927784 	0.400000	0.294709  	0.400000	0.405348  	0.400000	0.263476  	
0.450000	10.0721   	0.450000	7.78579   	0.450000	7.61176   	0.450000	7.61176   	0.450000	7.61182   	0.450000	0.103211  	0.450000	0.107947  	0.450000	0.330922  	0.450000	0.451338  	0.450000	0.295898  	
0.500000	11.5767   	0.500000	8.94694   	0.500000	8.76914   	0.500000	8.76914   	0.500000	8.7692    	0.500000	0.121568  	0.500000	0.124775  	0.500000	0.369016  	0.500000	0.499285  	0.500000	0.330079  	
0.600000	14.8643   	0.600000	11.4842   	0.600000	11.3203   	0.600000	11.3203   	0.600000	11.3204   	0.600000	0.163148  	0.600000	0.164034  	0.600000	0.450831  	0.600000	0.601024  	0.600000	0.404101  	
0.700000	18.5105   	0.700000	14.2982   	0.700000	14.1766   	0.700000	14.1766   	0.700000	14.1767   	0.700000	0.210815  	0.700000	0.209155  	0.700000	0.54024   	0.700000	0.710717  	0.700000	0.485468  	
0.800000	22.5031   	0.800000	17.3796   	0.800000	17.3256   	0.800000	17.3256   	0.800000	17.3257   	0.800000	0.264137  	0.800000	0.258916  	0.800000	0.637056  	0.800000	0.828131  	0.800000	0.573994  	
0.900000	26.8333   	0.900000	20.7215   	0.900000	20.7557   	0.900000	20.7557   	0.900000	20.7557   	0.900000	0.322766  	0.900000	0.312577  	0.900000	0.740868  	0.900000	0.952727  	0.900000	0.66938   	
1.000000	31.4941   	1.000000	24.3185   	1.000000	24.4568   	1.000000	24.4568   	1.000000	24.4568   	1.000000	0.386435  	1.000000	0.369667  	1.000000	0.851627  	1.000000	1.08448   	1.000000	0.771448  	
1.250000	44.5568   	1.250000	34.3999   	1.250000	34.8431   	1.250000	34.8431   	1.250000	34.8432   	1.250000	0.566427  	1.250000	0.525576  	1.250000	1.15711   	1.250000	1.44287   	1.250000	1.05431   	
1.500000	59.5837   	1.500000	45.9971   	1.500000	46.773    	1.500000	46.773    	1.500000	46.7731   	1.500000	0.77467   	1.500000	0.698366  	1.500000	1.50166   	1.500000	1.8405    	1.500000	1.37497   	
1.750000	76.5253   	1.750000	59.0721   	1.750000	60.1777   	1.750000	60.1777   	1.750000	60.1777   	1.750000	1.01003   	1.750000	0.886697  	1.750000	1.88337   	1.750000	2.27497   	1.750000	1.73172   	
2.000000	95.3424   	2.000000	73.5945   	2.000000	75.0073   	2.000000	75.0073   	2.000000	75.0074   	2.000000	1.27181   	2.000000	1.08981   	2.000000	2.30098   	2.000000	2.74468   	2.000000	2.12328   	
2.250000	116.003   	2.250000	89.5393   	2.250000	91.2242   	2.250000	91.2242   	2.250000	91.2243   	2.250000	1.55958   	2.250000	1.30724   	2.250000	2.75359   	2.250000	3.24849   	2.250000	2.54878   	
2.500000	138.48    	2.500000	106.885   	2.500000	108.798   	2.500000	108.798   	2.500000	108.798   	2.500000	1.87299   	2.500000	1.53863   	2.500000	3.23975   	2.500000	3.78434   	2.500000	3.00749   	
3.000000	178.117   	3.000000	145.707   	3.000000	147.923   	3.000000	147.923   	3.000000	147.923   	3.000000	2.57576   	3.000000	2.04239   	3.000000	4.31247   	3.000000	4.95228   	3.000000	4.01575   	
3.500000	223.056   	3.500000	189.932   	3.500000	192.223   	3.500000	192.223   	3.500000	192.223   	3.500000	3.37851   	3.500000	2.59946   	3.500000	5.51603   	3.500000	6.24434   	3.500000	5.14159   	
4.000000	273.181   	4.000000	239.456   	4.000000	241.578   	4.000000	241.578   	4.000000	241.578   	4.000000	4.28001   	4.000000	3.20854   	4.000000	6.84563   	4.000000	7.65425   	4.000000	6.39171   	
4.500000	328.39    	4.500000	294.19    	4.500000	295.889   	4.500000	295.889   	4.500000	295.889   	4.500000	5.27922   	4.500000	3.86855   	4.500000	8.29154   	4.500000	9.17004   	4.500000	7.76388   	
5.000000	388.597   	5.000000	354.059   	5.000000	355.073   	5.000000	355.073   	5.000000	355.073   	5.000000	6.37527   	5.000000	4.57855   	5.000000	9.86157   	5.000000	10.8008   	5.000000	9.25624   	
5.500000	453.725   	5.500000	418.994   	5.500000	419.061   	5.500000	419.061   	5.500000	419.061   	5.500000	7.5674    	5.500000	5.33772   	5.500000	11.5541   	5.500000	12.5441   	5.500000	10.8673   	
6.000000	523.705   	6.000000	488.937   	6.000000	487.79    	6.000000	487.79    	6.000000	487.79    	6.000000	8.85491   	6.000000	6.14531   	6.000000	13.3677   	6.000000	14.3979   	6.000000	12.5956   	
6.500000	598.475   	6.500000	563.832   	6.500000	561.206   	6.500000	561.206   	6.500000	561.205   	6.500000	10.2372   	6.500000	7.00067   	6.500000	15.3011   	6.500000	16.3604   	6.500000	14.4402   	
7.000000	677.977   	7.000000	643.632   	7.000000	639.259   	7.000000	639.259   	7.000000	639.258   	7.000000	11.7137   	7.000000	7.90319   	7.000000	17.3534   	7.000000	18.43     	7.000000	16.4      	
7.500000	762.159   	7.500000	728.293   	7.500000	721.904   	7.500000	721.904   	7.500000	721.904   	7.500000	13.2839   	7.500000	8.85232   	7.500000	19.5234   	7.500000	20.6052   	7.500000	18.4742   	
8.000000	850.972   	8.000000	817.771   	8.000000	809.103   	8.000000	809.103   	8.000000	809.102   	8.000000	14.9473   	8.000000	9.84757   	8.000000	21.8103   	8.000000	22.8847   	8.000000	20.6618   	
8.500000	944.369   	8.500000	912.031   	8.500000	900.816   	8.500000	900.816   	8.500000	900.815   	8.500000	16.7035   	8.500000	10.8886   	8.500000	24.2134   	8.500000	25.2673   	8.500000	22.9622   	
9.000000	1042.31   	9.000000	1011.04   	9.000000	997.009   	9.000000	997.009   	9.000000	997.009   	9.000000	18.5521   	9.000000	11.9748   	9.000000	26.7319   	9.000000	27.7521   	9.000000	25.3747   	
9.500000	1144.75   	9.500000	1114.76   	9.500000	1097.65   	9.500000	1097.65   	9.500000	1097.65   	9.500000	20.4927   	9.500000	13.1059   	9.500000	29.3652   	9.500000	30.3379   	9.500000	27.8987   	
10.000000	1251.65   	10.000000	1223.12   	10.000000	1202.71   	10.000000	1202.71   	10.000000	1202.71   	10.000000	22.5249   	10.000000	14.281    	10.000000	32.1125   	10.000000	33.0238   	10.000000	30.5337   	
11.000000	1478.7    	11.000000	1451.12   	11.000000	1426.07   	11.000000	1426.07   	11.000000	1426.08   	11.000000	26.8687   	11.000000	16.7657   	11.000000	37.9508   	11.000000	38.6957   	11.000000	36.1377   	
12.000000	1723.18   	12.000000	1696.07   	12.000000	1666.99   	12.000000	1666.99   	12.000000	1667.01   	12.000000	31.5854   	12.000000	19.4301   	12.000000	44.2457   	12.000000	44.7646   	12.000000	42.1859   	
13.000000	1984.85   	13.000000	1957.78   	13.000000	1925.28   	13.000000	1925.27   	13.000000	1925.3    	13.000000	36.6708   	13.000000	22.2706   	13.000000	50.9934   	13.000000	51.2245   	13.000000	48.6748   	
14.000000	2263.46   	14.000000	2236.08   	14.000000	2200.73   	14.000000	2200.73   	14.000000	2200.76   	14.000000	42.1212   	14.000000	25.2831   	14.000000	58.19     	14.000000	58.0701   	14.000000	55.6011   	
15.000000	2558.8    	15.000000	2530.78   	15.000000	2493.19   	15.000000	2493.18   	15.000000	2493.22   	15.000000	47.9328   	15.000000	28.4659   	15.000000	65.8317   	15.000000	65.2962   	15.000000	62.9613   	
16.000000	2870.67   	16.000000	2841.74   	16.000000	2802.47   	16.000000	2802.46   	16.000000	2802.5    	16.000000	54.1018   	16.000000	31.8167   	16.000000	73.9148   	16.000000	72.8977   	16.000000	70.7519   	
17.000000	3198.88   	17.000000	3168.79   	17.000000	3128.39   	17.000000	3128.39   	17.000000	3128.42   	17.000000	60.624    	17.000000	35.3313   	17.000000	82.4353   	17.000000	80.8697   	17.000000	78.9696   	
18.000000	3543.25   	18.000000	3511.78   	18.000000	3470.77   	18.000000	3470.8    	18.000000	3470.82   	18.000000	67.4951   	18.000000	39.0062   	18.000000	91.3892   	18.000000	89.2071   	18.000000	87.6105   	
19.000000	3903.6    	19.000000	3870.57   	19.000000	3829.46   	19.000000	3829.51   	19.000000	3829.51   	19.000000	74.7108   	19.000000	42.8389   	19.000000	100.772   	19.000000	97.9049   	19.000000	96.6708   	
20.000000	4279.76   	20.000000	4245.02   	20.000000	4204.27   	20.000000	4204.35   	20.000000	4204.33   	20.000000	82.2663   	20.000000	46.8266   	20.000000	110.58    	20.000000	106.958   	20.000000	106.147   	
21.000000	4671.59   	21.000000	4635.01   	21.000000	4595.04   	21.000000	4595.15   	21.000000	4595.1    	21.000000	90.1566   	21.000000	50.9661   	21.000000	120.807   	21.000000	116.362   	21.000000	116.034   	
22.000000	5078.94   	22.000000	5040.4    	22.000000	5001.58   	22.000000	5001.72   	22.000000	5001.64   	22.000000	98.3765   	22.000000	55.2549   	22.000000	131.451   	22.000000	126.111   	22.000000	126.328   	
23.000000	5501.65   	23.000000	5461.06   	23.000000	5423.72   	23.000000	5423.9    	23.000000	5423.76   	23.000000	106.921   	23.000000	59.6898   	23.000000	142.504   	23.000000	136.201   	23.000000	137.025   	
24.000000	5939.59   	24.000000	5896.89   	24.000000	5861.27   	24.000000	5861.5    	24.000000	5861.3    	24.000000	115.784   	24.000000	64.2669   	24.000000	153.964   	24.000000	146.626   	24.000000	148.12    	
25.000000	6392.63   	25.000000	6347.77   	25.000000	6314.03   	25.000000	6314.33   	25.000000	6314.06   	25.000000	124.959   	25.000000	68.9816   	25.000000	165.824   	25.000000	157.38    	25.000000	159.608   	
27.000000	7343.5    	27.000000	7294.21   	27.000000	7264.42   	27.000000	7264.95   	27.000000	7264.5    	27.000000	144.225   	27.000000	78.8123   	27.000000	190.722   	27.000000	179.858   	27.000000	183.744   	
29.000000	8353.26   	29.000000	8299.53   	29.000000	8273.42   	29.000000	8274.23   	29.000000	8273.54   	29.000000	164.666   	29.000000	89.1625   	29.000000	217.156   	29.000000	203.591   	29.000000	209.392   	
31.000000	9421      	31.000000	9362.9    	31.000000	9339.66   	31.000000	9340.77   	31.000000	9339.79   	31.000000	186.24    	31.000000	100.011   	31.000000	245.082   	31.000000	228.539   	31.000000	236.513   	
33.000000	10545.9   	33.000000	10483.6   	33.000000	10463     	33.000000	10464.4   	33.000000	10463.1   	33.000000	208.975   	33.000000	111.363   	33.000000	274.501   	33.000000	254.698   	33.000000	265.108   	
35.000000	11727     	35.000000	11660.8   	35.000000	11642.8   	35.000000	11644.6   	35.000000	11642.9   	35.000000	232.864   	35.000000	123.218   	35.000000	305.393   	35.000000	282.05    	35.000000	295.163   	
38.000000	13602.6   	38.000000	13531     	38.000000	13516.8   	38.000000	13519.1   	38.000000	13516.8   	38.000000	270.825   	38.000000	141.933   	38.000000	354.453   	38.000000	325.272   	38.000000	342.944   	
41.000000	15600.6   	41.000000	15524.6   	41.000000	15513.6   	41.000000	15516.9   	41.000000	15513.8   	41.000000	311.291   	41.000000	161.727   	41.000000	406.718   	41.000000	371.07    	41.000000	393.913   	
44.000000	17718.7   	44.000000	17639.4   	44.000000	17631.5   	44.000000	17635.6   	44.000000	17631.7   	44.000000	354.207   	44.000000	182.576   	44.000000	462.128   	44.000000	419.389   	44.000000	448.016   	
47.000000	19954.7   	47.000000	19873.2   	47.000000	19868.2   	47.000000	19873.2   	47.000000	19868.5   	47.000000	399.523   	47.000000	204.459   	47.000000	520.624   	47.000000	470.173   	47.000000	505.204   	
50.000000	22306.7   	50.000000	22224.3   	50.000000	22221.8   	50.000000	22227.9   	50.000000	22222.2   	50.000000	447.188   	50.000000	227.352   	50.000000	582.149   	50.000000	523.372   	50.000000	565.428   	
55.000000	26478.9   	55.000000	26397.9   	55.000000	26399.4   	55.000000	26407.2   	55.000000	26399.7   	55.000000	531.723   	55.000000	267.697   	55.000000	691.278   	55.000000	617.279   	55.000000	672.428   	
60.000000	30959.2   	60.000000	30883.5   	60.000000	30888.6   	60.000000	30898.2   	60.000000	30888.6   	60.000000	622.439   	60.000000	310.706   	60.000000	808.436   	60.000000	717.559   	60.000000	787.537   	
65.000000	35740     	65.000000	35673.4   	65.000000	35681.3   	65.000000	35693.2   	65.000000	35681.4   	65.000000	719.132   	65.000000	356.255   	65.000000	933.4     	65.000000	824.024   	65.000000	910.567   	
70.000000	40814     	70.000000	40760.3   	70.000000	40770.6   	70.000000	40785.3   	70.000000	40770.9   	70.000000	821.608   	70.000000	404.29    	70.000000	1065.96   	70.000000	936.498   	70.000000	1041.34   	
75.000000	46174.5   	75.000000	46137.2   	75.000000	46150.1   	75.000000	46167.5   	75.000000	46150.4   	75.000000	929.681   	75.000000	454.695   	75.000000	1205.9    	75.000000	1054.82   	75.000000	1179.69   	
80.000000	51815.1   	80.000000	51797.7   	80.000000	51813.2   	80.000000	51833.6   	80.000000	51813.4   	80.000000	1043.17   	80.000000	507.433   	80.000000	1353.05   	80.000000	1178.83   	80.000000	1325.45   	
85.000000	57730     	85.000000	57735.3   	85.000000	57753.8   	85.000000	57777.3   	85.000000	57753.9   	85.000000	1161.92   	85.000000	562.444   	85.000000	1507.21   	85.000000	1308.38   	85.000000	1478.47   	
90.000000	63913.5   	90.000000	63944.2   	90.000000	63966.2   	90.000000	63992.9   	90.000000	63966     	90.000000	1285.74   	90.000000	619.636   	90.000000	1668.2    	90.000000	1443.35   	90.000000	1638.61   	
95.000000	70360.4   	95.000000	70418.6   	95.000000	70444.3   	95.000000	70474.7   	95.000000	70444.1   	95.000000	1414.49   	95.000000	678.914   	95.000000	1835.86   	95.000000	1583.58   	95.000000	1805.7    	
100.000000	77065.6   	100.000000	77153.1   	100.000000	77182.7   	100.000000	77217.3   	100.000000	77182.9   	100.000000	1548.02   	100.000000	740.23    	100.000000	2010.01   	100.000000	1728.97   	100.000000	1979.63   	
105.000000	84024.3   	105.000000	84142.2   	105.000000	84176.6   	105.000000	84215.7   	105.000000	84177     	105.000000	1686.18   	105.000000	803.571   	105.000000	2190.51   	105.000000	1879.39   	105.000000	2160.26   	
110.000000	91231.9   	110.000000	91380.9   	110.000000	91421.1   	110.000000	91464.7   	110.000000	91421.7   	110.000000	1828.82   	110.000000	868.883   	110.000000	2377.19   	110.000000	2034.72   	110.000000	2347.45   	
115.000000	98684     	115.000000	98864.3   	115.000000	98911.4   	115.000000	98959.6   	115.000000	98911.9   	115.000000	1975.81   	115.000000	936.104   	115.000000	2569.9    	115.000000	2194.85   	115.000000	2541.09   	
120.000000	106377    	120.000000	106588    	120.000000	106643    	120.000000	106696    	120.000000	106643    	120.000000	2127.02   	120.000000	1005.14   	120.000000	2768.5    	120.000000	2359.68   	120.000000	2741.05   	
125.000000	114305    	125.000000	114546    	125.000000	114611    	125.000000	114668    	125.000000	114611    	125.000000	2282.32   	125.000000	1075.94   	125.000000	2972.86   	125.000000	2529.11   	125.000000	2947.21   	
130.000000	122467    	130.000000	122736    	130.000000	122811    	130.000000	122874    	130.000000	122811    	130.000000	2441.58   	130.000000	1148.53   	130.000000	3182.82   	130.000000	2703.03   	130.000000	3159.46   	
135.000000	130857    	135.000000	131152    	135.000000	131239    	135.000000	131307    	135.000000	131238    	135.000000	2604.69   	135.000000	1222.85   	135.000000	3398.27   	135.000000	2881.35   	135.000000	3377.69   	
140.000000	139473    	140.000000	139791    	140.000000	139890    	140.000000	139964    	140.000000	139890    	140.000000	2771.52   	140.000000	1298.81   	140.000000	3619.07   	140.000000	3063.97   	140.000000	3601.78   	
145.000000	148310    	145.000000	148648    	145.000000	148761    	145.000000	148841    	145.000000	148761    	145.000000	2941.98   	145.000000	1376.39   	145.000000	3845.1    	145.000000	3250.81   	145.000000	3831.64   	
150.000000	157366    	150.000000	157720    	150.000000	157848    	150.000000	157934    	150.000000	157848    	150.000000	3115.94   	150.000000	1455.55   	150.000000	4076.24   	150.000000	3441.78   	150.000000	4067.15   	
155.000000	166678    	155.000000	167003    	155.000000	167146    	155.000000	167239    	155.000000	167147    	155.000000	3293.31   	155.000000	1536.26   	155.000000	4312.37   	155.000000	3636.8    	155.000000	4308.23   	
160.000000	176193    	160.000000	176492    	160.000000	176654    	160.000000	176753    	160.000000	176654    	160.000000	3473.97   	160.000000	1618.48   	160.000000	4553.37   	160.000000	3835.78   	160.000000	4554.76   	
165.000000	185907    	165.000000	186185    	165.000000	186366    	165.000000	186472    	165.000000	186366    	165.000000	3657.84   	165.000000	1702.19   	165.000000	4799.13   	165.000000	4038.64   	165.000000	4806.66   	
170.000000	195814    	170.000000	196078    	170.000000	196279    	170.000000	196393    	170.000000	196280    	170.000000	3844.81   	170.000000	1787.34   	170.000000	5049.54   	170.000000	4245.31   	170.000000	5063.83   	
175.000000	205913    	175.000000	206167    	175.000000	206390    	175.000000	206511    	175.000000	206391    	175.000000	4034.79   	175.000000	1873.84   	175.000000	5304.5    	175.000000	4455.7    	175.000000	5326.17   	
180.000000	216200    	180.000000	216450    	180.000000	216696    	180.000000	216825    	180.000000	216697    	180.000000	4227.69   	180.000000	1961.71   	180.000000	5563.91   	180.000000	4669.76   	180.000000	5593.61   	
185.000000	226672    	185.000000	226922    	185.000000	227193    	185.000000	227329    	185.000000	227194    	185.000000	4423.42   	185.000000	2050.94   	185.000000	5827.66   	185.000000	4887.4    	185.000000	5866.04   	
190.000000	237326    	190.000000	237581    	190.000000	237879    	190.000000	238022    	190.000000	237879    	190.000000	4621.89   	190.000000	2141.47   	190.000000	6095.65   	190.000000	5108.56   	190.000000	6143.38   	
195.000000	248159    	195.000000	248424    	195.000000	248750    	195.000000	248901    	195.000000	248749    	195.000000	4823.03   	195.000000	2233.25   	195.000000	6367.79   	195.000000	5333.16   	195.000000	6425.56   	
200.000000	259168    	200.000000	259448    	200.000000	259802    	200.000000	259961    	200.000000	259801    	200.000000	5026.75   	200.000000	2326.3    	200.000000	6643.98   	200.000000	5561.15   	200.000000	6712.48   	
210.000000	281704    	210.000000	282027    	210.000000	282442    	210.000000	282617    	210.000000	282440    	210.000000	5441.61   	210.000000	2516.12   	210.000000	7208.17   	210.000000	6027.01   	210.000000	7300.25   	
220.000000	304911    	220.000000	305294    	220.000000	305772    	220.000000	305967    	220.000000	305772    	220.000000	5865.88   	220.000000	2710.55   	220.000000	7787.5    	220.000000	6505.65   	220.000000	7906.05   	
230.000000	328771    	230.000000	329228    	230.000000	329775    	230.000000	329989    	230.000000	329775    	230.000000	6298.99   	230.000000	2909.42   	230.000000	8381.32   	230.000000	6996.58   	230.000000	8529.3    	
240.000000	353262    	240.000000	353809    	240.000000	354428    	240.000000	354662    	240.000000	354429    	240.000000	6740.39   	240.000000	3112.57   	240.000000	8988.96   	240.000000	7499.35   	240.000000	9169.4    	
250.000000	378368    	250.000000	379018    	250.000000	379713    	250.000000	379967    	250.000000	379714    	250.000000	7189.58   	250.000000	3319.83   	250.000000	9609.83   	250.000000	8013.53   	250.000000	9825.81   	
260.000000	404071    	260.000000	404834    	260.000000	405608    	260.000000	405883    	260.000000	405609    	260.000000	7646.08   	260.000000	3531.07   	260.000000	10243.3   	260.000000	8538.7    	260.000000	10498     	
270.000000	430353    	270.000000	431241    	270.000000	432097    	270.000000	432393    	270.000000	432097    	270.000000	8109.42   	270.000000	3746.12   	270.000000	10888.9   	270.000000	9074.47   	270.000000	11185.4   	
280.000000	457198    	280.000000	458221    	280.000000	459160    	280.000000	459478    	280.000000	459160    	280.000000	8579.17   	280.000000	3964.89   	280.000000	11546.1   	280.000000	9620.44   	280.000000	11887.6   	
290.000000	484591    	290.000000	485757    	290.000000	486782    	290.000000	487121    	290.000000	486781    	290.000000	9054.92   	290.000000	4187.11   	290.000000	12214.2   	290.000000	10176.3   	290.000000	12604     	
300.000000	512517    	300.000000	513834    	300.000000	514945    	300.000000	515307    	300.000000	514943    	300.000000	9536.28   	300.000000	4412.58   	300.000000	12892.9   	300.000000	10741.6   	300.000000	13334.3   	
310.000000	540963    	310.000000	542436    	310.000000	543631    	310.000000	544018    	310.000000	543630    	310.000000	10022.9   	310.000000	4641.37   	310.000000	13581.7   	310.000000	11316.1   	310.000000	14077.9   	
320.000000	569913    	320.000000	571548    	320.000000	572827    	320.000000	573241    	320.000000	572828    	320.000000	10514.4   	320.000000	4873.27   	320.000000	14280.2   	320.000000	11899.4   	320.000000	14834.5   	
330.000000	599355    	330.000000	601156    	330.000000	602520    	330.000000	602959    	330.000000	602521    	330.000000	11010.5   	330.000000	5108.03   	330.000000	14987.8   	330.000000	12491.2   	330.000000	15603.6   	
340.000000	629277    	340.000000	631247    	340.000000	632693    	340.000000	633160    	340.000000	632696    	340.000000	11510.8   	340.000000	5345.6    	340.000000	15704.2   	340.000000	13091.2   	340.000000	16384.8   	
350.000000	659665    	350.000000	661807    	350.000000	663335    	350.000000	663829    	350.000000	663338    	350.000000	12015     	350.000000	5586.02   	350.000000	16429.1   	350.000000	13699.2   	350.000000	17177.7   	
360.000000	690509    	360.000000	692824    	360.000000	694432    	360.000000	694953    	360.000000	694435    	360.000000	12522.9   	360.000000	5829.26   	360.000000	17161.9   	360.000000	14314.8   	360.000000	17982     	
370.000000	721796    	370.000000	724285    	370.000000	725970    	370.000000	726519    	370.000000	725974    	370.000000	13034.2   	370.000000	6075.08   	370.000000	17902.4   	370.000000	14937.8   	370.000000	18797.3   	
380.000000	753515    	380.000000	756179    	380.000000	757939    	380.000000	758516    	380.000000	757942    	380.000000	13548.7   	380.000000	6323.33   	380.000000	18650.2   	380.000000	15568     	380.000000	19623.2   	
390.000000	785657    	390.000000	788494    	390.000000	790325    	390.000000	790931    	390.000000	790329    	390.000000	14066     	390.000000	6573.96   	390.000000	19405     	390.000000	16205     	390.000000	20459.4   	
400.000000	818211    	400.000000	821219    	400.000000	823118    	400.000000	823753    	400.000000	823121    	400.000000	14586     	400.000000	6826.92   	400.000000	20166.5   	400.000000	16848.6   	400.000000	21305.6   	
410.000000	851166    	410.000000	854343    	410.000000	856307    	410.000000	856970    	410.000000	856309    	410.000000	15108.4   	410.000000	7082.14   	410.000000	20934.3   	410.000000	17498.6   	410.000000	22161.5   	
420.000000	884513    	420.000000	887856    	420.000000	889880    	420.000000	890573    	420.000000	889881    	420.000000	15633.1   	420.000000	7339.44   	420.000000	21708.1   	420.000000	18154.9   	420.000000	23026.7   	
430.000000	918242    	430.000000	921749    	430.000000	923828    	430.000000	924550    	430.000000	923828    	430.000000	16159.8   	430.000000	7598.67   	430.000000	22487.8   	430.000000	18817     	430.000000	23900.9   	
440.000000	952345    	440.000000	956010    	440.000000	958140    	440.000000	958892    	440.000000	958139    	440.000000	16688.4   	440.000000	7859.82   	440.000000	23272.9   	440.000000	19485     	440.000000	24784     	
450.000000	986813    	450.000000	990632    	450.000000	992807    	450.000000	993589    	450.000000	992804    	450.000000	17218.6   	450.000000	8122.95   	450.000000	24063.3   	450.000000	20158.4   	450.000000	25675.5   	
460.000000	1.02164e+06	460.000000	1.02561e+06	460.000000	1.02782e+06	460.000000	1.02863e+06	460.000000	1.02781e+06	460.000000	17750.3   	460.000000	8388.06   	460.000000	24858.7   	460.000000	20837.3   	460.000000	26575.2   	
470.000000	1.05681e+06	470.000000	1.06092e+06	470.000000	1.06317e+06	470.000000	1.06401e+06	470.000000	1.06316e+06	470.000000	18283.4   	470.000000	8655.08   	470.000000	25658.8   	470.000000	21521.3   	470.000000	27482.8   	
480.000000	1.09232e+06	480.000000	1.09657e+06	480.000000	1.09884e+06	480.000000	1.09972e+06	480.000000	1.09883e+06	480.000000	18817.6   	480.000000	8923.89   	480.000000	26463.5   	480.000000	22210.2   	480.000000	28398.2   	
490.000000	1.12816e+06	490.000000	1.13254e+06	490.000000	1.13483e+06	490.000000	1.13574e+06	490.000000	1.13483e+06	490.000000	19352.9   	490.000000	9194.33   	490.000000	27272.4   	490.000000	22904     	490.000000	29321     	
500.000000	1.16433e+06	500.000000	1.16883e+06	500.000000	1.17113e+06	500.000000	1.17208e+06	500.000000	1.17113e+06	500.000000	19889.1   	500.000000	9466.32   	500.000000	28085.5   	500.000000	23602.4   	500.000000	30251     	
520.000000	1.23761e+06	520.000000	1.24234e+06	520.000000	1.24463e+06	520.000000	1.24565e+06	520.000000	1.24464e+06	520.000000	20963.6   	520.000000	10015.1   	520.000000	29723     	520.000000	25012.5   	520.000000	32131.7   	
540.000000	1.3121e+06	540.000000	1.31702e+06	540.000000	1.31929e+06	540.000000	1.32038e+06	540.000000	1.31929e+06	540.000000	22040.3   	540.000000	10570.3   	540.000000	31374.4   	540.000000	26439.3   	540.000000	34038.6   	
560.000000	1.38774e+06	560.000000	1.39283e+06	560.000000	1.39503e+06	560.000000	1.3962e+06	560.000000	1.39504e+06	560.000000	23118.1   	560.000000	11130.9   	560.000000	33038.4   	560.000000	27881.4   	560.000000	35970     	
580.000000	1.46449e+06	580.000000	1.46971e+06	580.000000	1.47182e+06	580.000000	1.47305e+06	580.000000	1.47182e+06	580.000000	24196.4   	580.000000	11696.7   	580.000000	34713.6   	580.000000	29338     	580.000000	37924.3   	
600.000000	1.5423e+06	600.000000	1.5476e+06	600.000000	1.54959e+06	600.000000	1.5509e+06	600.000000	1.54959e+06	600.000000	25274.3   	600.000000	12267.4   	600.000000	36398.7   	600.000000	30807.8   	600.000000	39900     	
620.000000	1.62112e+06	620.000000	1.62647e+06	620.000000	1.6283e+06	620.000000	1.62968e+06	620.000000	1.6283e+06	620.000000	26351.3   	620.000000	12842.8   	620.000000	38092.6   	620.000000	32290     	620.000000	41895.8   	
640.000000	1.70091e+06	640.000000	1.70627e+06	640.000000	1.7079e+06	640.000000	1.70936e+06	640.000000	1.7079e+06	640.000000	27426.7   	640.000000	13422.7   	640.000000	39794.3   	640.000000	33783.6   	640.000000	43910.3   	
660.000000	1.78162e+06	660.000000	1.78695e+06	660.000000	1.78835e+06	660.000000	1.78989e+06	660.000000	1.78835e+06	660.000000	28500.1   	660.000000	14006.8   	660.000000	41502.7   	660.000000	35287.7   	660.000000	45942.3   	
680.000000	1.86321e+06	680.000000	1.86848e+06	680.000000	1.86962e+06	680.000000	1.87123e+06	680.000000	1.86961e+06	680.000000	29570.9   	680.000000	14595     	680.000000	43217     	680.000000	36801.7   	680.000000	47990.6   	
700.000000	1.94566e+06	700.000000	1.95081e+06	700.000000	1.95165e+06	700.000000	1.95334e+06	700.000000	1.95165e+06	700.000000	30638.7   	700.000000	15187.1   	700.000000	44936.3   	700.000000	38324.6   	700.000000	50054.2   	
720.000000	2.02891e+06	720.000000	2.03392e+06	720.000000	2.03442e+06	720.000000	2.03619e+06	720.000000	2.03441e+06	720.000000	31703.1   	720.000000	15782.9   	720.000000	46659.8   	720.000000	39855.7   	720.000000	52131.9   	
740.000000	2.11294e+06	740.000000	2.11776e+06	740.000000	2.11789e+06	740.000000	2.11974e+06	740.000000	2.11788e+06	740.000000	32763.8   	740.000000	16382.3   	740.000000	48386.7   	740.000000	41394.5   	740.000000	54222.7   	
760.000000	2.19771e+06	760.000000	2.2023e+06	760.000000	2.20202e+06	760.000000	2.20396e+06	760.000000	2.20202e+06	760.000000	33820.5   	760.000000	16984.8   	760.000000	50116.5   	760.000000	42940.3   	760.000000	56325.9   	
780.000000	2.28319e+06	780.000000	2.28751e+06	780.000000	2.28679e+06	780.000000	2.28882e+06	780.000000	2.28679e+06	780.000000	34872.9   	780.000000	17590.1   	780.000000	51848.4   	780.000000	44492.4   	780.000000	58440.4   	
800.000000	2.36936e+06	800.000000	2.37336e+06	800.000000	2.37217e+06	800.000000	2.37428e+06	800.000000	2.37217e+06	800.000000	35920.7   	800.000000	18198.3   	800.000000	53581.9   	800.000000	46050.3   	800.000000	60565.4   	
820.000000	2.45617e+06	820.000000	2.45982e+06	820.000000	2.45813e+06	820.000000	2.46033e+06	820.000000	2.45814e+06	820.000000	36963.7   	820.000000	18809.4   	820.000000	55316.4   	820.000000	47613.5   	820.000000	62700.2   	
840.000000	2.54361e+06	840.000000	2.54687e+06	840.000000	2.54464e+06	840.000000	2.54693e+06	840.000000	2.54465e+06	840.000000	38001.8   	840.000000	19423.4   	840.000000	57051.5   	840.000000	49181.4   	840.000000	64844     	
860.000000	2.63164e+06	860.000000	2.63448e+06	860.000000	2.63168e+06	860.000000	2.63406e+06	860.000000	2.6317e+06	860.000000	39034.7   	860.000000	20040.4   	860.000000	58786.6   	860.000000	50753.7   	860.000000	66996     	
880.000000	2.72024e+06	880.000000	2.72262e+06	880.000000	2.71923e+06	880.000000	2.7217e+06	880.000000	2.71925e+06	880.000000	40062.4   	880.000000	20660.1   	880.000000	60521.3   	880.000000	52329.7   	880.000000	69155.7   	
900.000000	2.80939e+06	900.000000	2.81127e+06	900.000000	2.80726e+06	900.000000	2.80982e+06	900.000000	2.80728e+06	900.000000	41084.6   	900.000000	21282.3   	900.000000	62255.2   	900.000000	53909.2   	900.000000	71322.3   	
920.000000	2.89906e+06	920.000000	2.9004e+06	920.000000	2.89576e+06	920.000000	2.8984e+06	920.000000	2.89577e+06	920.000000	42101.3   	920.000000	21906.8   	920.000000	63987.9   	920.000000	55491.7   	920.000000	73495.3   	
940.000000	2.98923e+06	940.000000	2.99001e+06	940.000000	2.98469e+06	940.000000	2.98742e+06	940.000000	2.98471e+06	940.000000	43112.3   	940.000000	22533.3   	940.000000	65719.2   	940.000000	57076.9   	940.000000	75674.1   	
960.000000	3.07987e+06	960.000000	3.08005e+06	960.000000	3.07404e+06	960.000000	3.07687e+06	960.000000	3.07406e+06	960.000000	44117.6   	960.000000	23161.9   	960.000000	67448.5   	960.000000	58664.3   	960.000000	77858.2   	
980.000000	3.17097e+06	980.000000	3.17053e+06	980.000000	3.1638e+06	980.000000	3.16671e+06	980.000000	3.16382e+06	980.000000	45117.1   	980.000000	23792.4   	980.000000	69175.7   	980.000000	60253.6   	980.000000	80046.9   	
1000.000000	3.26251e+06	1000.000000	3.2614e+06	1000.000000	3.25394e+06	1000.000000	3.25694e+06	1000.000000	3.25396e+06	1000.000000	46110.7   	1000.000000	24424.9   	1000.000000	70900.5   	1000.000000	61844.6   	1000.000000	82240     	
1020.000000	3.35445e+06	1020.000000	3.35267e+06	1020.000000	3.34445e+06	1020.000000	3.34754e+06	1020.000000	3.34446e+06	1020.000000	47098.4   	1020.000000	25059.2   	1020.000000	72622.5   	1020.000000	63436.9   	1020.000000	84436.8   	
1040.000000	3.4468e+06	1040.000000	3.4443e+06	1040.000000	3.43531e+06	1040.000000	3.43849e+06	1040.000000	3.43532e+06	1040.000000	48080.2   	1040.000000	25695.3   	1040.000000	74341.7   	1040.000000	65030.2   	1040.000000	86637     	
1060.000000	3.53953e+06	1060.000000	3.53629e+06	1060.000000	3.5265e+06	1060.000000	3.52978e+06	1060.000000	3.52652e+06	1060.000000	49055.9   	1060.000000	26333.2   	1060.000000	76057.6   	1060.000000	66624.3   	1060.000000	88840.1   	
1080.000000	3.63261e+06	1080.000000	3.62861e+06	1080.000000	3.61802e+06	1080.000000	3.62139e+06	1080.000000	3.61803e+06	1080.000000	50025.7   	1080.000000	26972.8   	1080.000000	77770.2   	1080.000000	68218.9   	1080.000000	91045.8   	
1100.000000	3.72604e+06	1100.000000	3.72125e+06	1100.000000	3.70985e+06	1100.000000	3.7133e+06	1100.000000	3.70986e+06	1100.000000	50989.4   	1100.000000	27614.1   	1100.000000	79479.2   	1100.000000	69813.7   	1100.000000	93253.6   	
1120.000000	3.81979e+06	1120.000000	3.8142e+06	1120.000000	3.80197e+06	1120.000000	3.80551e+06	1120.000000	3.80197e+06	1120.000000	51947.2   	1120.000000	28257     	1120.000000	81184.4   	1120.000000	71408.6   	1120.000000	95463.2   	
1140.000000	3.91386e+06	1140.000000	3.90744e+06	1140.000000	3.89437e+06	1140.000000	3.898e+06 	1140.000000	3.89437e+06	1140.000000	52898.9   	1140.000000	28901.4   	1140.000000	82885.8   	1140.000000	73003.3   	1140.000000	97674.2   	
1160.000000	4.00822e+06	1160.000000	4.00095e+06	1160.000000	3.98703e+06	1160.000000	3.99076e+06	1160.000000	3.98704e+06	1160.000000	53844.5   	1160.000000	29547.4   	1160.000000	84583     	1160.000000	74597.6   	1160.000000	99886.4   	
1180.000000	4.10287e+06	1180.000000	4.09473e+06	1180.000000	4.07996e+06	1180.000000	4.08378e+06	1180.000000	4.07996e+06	1180.000000	54784.1   	1180.000000	30195     	1180.000000	86276.1   	1180.000000	76191.3   	1180.000000	102099    	
1200.000000	4.19778e+06	1200.000000	4.18876e+06	1200.000000	4.17313e+06	1200.000000	4.17704e+06	1200.000000	4.17313e+06	1200.000000	55717.8   	1200.000000	30844     	1200.000000	87964.8   	1200.000000	77784.3   	1200.000000	104313    	
1220.000000	4.29294e+06	1220.000000	4.28303e+06	1220.000000	4.26654e+06	1220.000000	4.27054e+06	1220.000000	4.26653e+06	1220.000000	56645.4   	1220.000000	31494.4   	1220.000000	89649.1   	1220.000000	79376.3   	1220.000000	106527    	
1240.000000	4.38835e+06	1240.000000	4.37753e+06	1240.000000	4.36017e+06	1240.000000	4.36426e+06	1240.000000	4.36016e+06	1240.000000	57567.1   	1240.000000	32146.3   	1240.000000	91328.7   	1240.000000	80967.2   	1240.000000	108741    	
1260.000000	4.48398e+06	1260.000000	4.47224e+06	1260.000000	4.45401e+06	1260.000000	4.4582e+06	1260.000000	4.454e+06 	1260.000000	58482.8   	1260.000000	32799.5   	1260.000000	93003.8   	1260.000000	82556.8   	1260.000000	110954    	
1280.000000	4.57983e+06	1280.000000	4.56716e+06	1280.000000	4.54807e+06	1280.000000	4.55234e+06	1280.000000	4.54805e+06	1280.000000	59392.7   	1280.000000	33454.1   	1280.000000	94674     	1280.000000	84145     	1280.000000	113167    	
1300.000000	4.67588e+06	1300.000000	4.66227e+06	1300.000000	4.64231e+06	1300.000000	4.64668e+06	1300.000000	4.64229e+06	1300.000000	60296.6   	1300.000000	34110     	1300.000000	96339.4   	1300.000000	85731.7   	1300.000000	115380    	
1320.000000	4.77212e+06	1320.000000	4.75756e+06	1320.000000	4.73675e+06	1320.000000	4.7412e+06	1320.000000	4.73672e+06	1320.000000	61194.7   	1320.000000	34767.3   	1320.000000	97999.9   	1320.000000	87316.7   	1320.000000	117591    	
1340.000000	4.86854e+06	1340.000000	4.85303e+06	1340.000000	4.83136e+06	1340.000000	4.83591e+06	1340.000000	4.83133e+06	1340.000000	62087     	1340.000000	35425.8   	1340.000000	99655.4   	1340.000000	88899.9   	1340.000000	119802    	
1360.000000	4.96514e+06	1360.000000	4.94866e+06	1360.000000	4.92614e+06	1360.000000	4.93078e+06	1360.000000	4.92611e+06	1360.000000	62973.5   	1360.000000	36085.5   	1360.000000	101306    	1360.000000	90481.2   	1360.000000	122011    	
1380.000000	5.06189e+06	1380.000000	5.04445e+06	1380.000000	5.02109e+06	1380.000000	5.02582e+06	1380.000000	5.02106e+06	1380.000000	63854.2   	1380.000000	36746.6   	1380.000000	102951    	1380.000000	92060.4   	1380.000000	124218    	
1400.000000	5.15879e+06	1400.000000	5.14039e+06	1400.000000	5.11619e+06	1400.000000	5.12102e+06	1400.000000	5.11616e+06	1400.000000	64729.3   	1400.000000	37408.8   	1400.000000	104591    	1400.000000	93637.5   	1400.000000	126424    	
1420.000000	5.25583e+06	1420.000000	5.23646e+06	1420.000000	5.21143e+06	1420.000000	5.21636e+06	1420.000000	5.2114e+06	1420.000000	65598.7   	1420.000000	38072.2   	1420.000000	106226    	1420.000000	95212.4   	1420.000000	128628    	
1440.000000	5.35299e+06	1440.000000	5.33266e+06	1440.000000	5.30682e+06	1440.000000	5.31185e+06	1440.000000	5.3068e+06	1440.000000	66462.6   	1440.000000	38736.8   	1440.000000	107856    	1440.000000	96784.9   	1440.000000	130830    	
1460.000000	5.45028e+06	1460.000000	5.42898e+06	1460.000000	5.40234e+06	1460.000000	5.40747e+06	1460.000000	5.40232e+06	1460.000000	67320.8   	1460.000000	39402.5   	1460.000000	109480    	1460.000000	98355     	1460.000000	133030    	
1480.000000	5.54768e+06	1480.000000	5.52542e+06	1480.000000	5.49799e+06	1480.000000	5.50323e+06	1480.000000	5.49798e+06	1480.000000	68173.5   	1480.000000	40069.4   	1480.000000	111099    	1480.000000	99922.6   	1480.000000	135227    	
1500.000000	5.64518e+06	1500.000000	5.62196e+06	1500.000000	5.59377e+06	1500.000000	5.5991e+06	1500.000000	5.59376e+06	1500.000000	69020.8   	1500.000000	40737.3   	1500.000000	112713    	1500.000000	101488    	1500.000000	137422    	
1520.000000	5.74278e+06	1520.000000	5.7186e+06	1520.000000	5.68966e+06	1520.000000	5.69509e+06	1520.000000	5.68965e+06	1520.000000	69862.7   	1520.000000	41406.4   	1520.000000	114321    	1520.000000	103050    	1520.000000	139615    	
1540.000000	5.84047e+06	1540.000000	5.81533e+06	1540.000000	5.78566e+06	1540.000000	5.7912e+06	1540.000000	5.78566e+06	1540.000000	70699.1   	1540.000000	42076.6   	1540.000000	115924    	1540.000000	104610    	1540.000000	141805    	
1560.000000	5.93823e+06	1560.000000	5.91215e+06	1560.000000	5.88178e+06	1560.000000	5.88741e+06	1560.000000	5.88178e+06	1560.000000	71530.3   	1560.000000	42747.8   	1560.000000	117522    	1560.000000	106166    	1560.000000	143992    	
1580.000000	6.03606e+06	1580.000000	6.00905e+06	1580.000000	5.97799e+06	1580.000000	5.98373e+06	1580.000000	5.97799e+06	1580.000000	72356.2   	1580.000000	43420.2   	1580.000000	119114    	1580.000000	107720    	1580.000000	146176    	
1600.000000	6.13396e+06	1600.000000	6.10602e+06	1600.000000	6.0743e+06	1600.000000	6.08014e+06	1600.000000	6.07431e+06	1600.000000	73176.8   	1600.000000	44093.6   	1600.000000	120700    	1600.000000	109271    	1600.000000	148357    	
1620.000000	6.23191e+06	1620.000000	6.20306e+06	1620.000000	6.1707e+06	1620.000000	6.17664e+06	1620.000000	6.17071e+06	1620.000000	73992.3   	1620.000000	44768     	1620.000000	122282    	1620.000000	110819    	1620.000000	150535    	
1640.000000	6.32991e+06	1640.000000	6.30016e+06	1640.000000	6.26719e+06	1640.000000	6.27323e+06	1640.000000	6.2672e+06	1640.000000	74802.6   	1640.000000	45443.5   	1640.000000	123857    	1640.000000	112364    	1640.000000	152710    	
1660.000000	6.42795e+06	1660.000000	6.39732e+06	1660.000000	6.36376e+06	1660.000000	6.3699e+06	1660.000000	6.36378e+06	1660.000000	75607.9   	1660.000000	46120.1   	1660.000000	125428    	1660.000000	113906    	1660.000000	154882    	
1680.000000	6.52603e+06	1680.000000	6.49452e+06	1680.000000	6.46041e+06	1680.000000	6.46665e+06	1680.000000	6.46043e+06	1680.000000	76408.1   	1680.000000	46797.7   	1680.000000	126993    	1680.000000	115445    	1680.000000	157050    	
1700.000000	6.62414e+06	1700.000000	6.59177e+06	1700.000000	6.55714e+06	1700.000000	6.56348e+06	1700.000000	6.55716e+06	1700.000000	77203.4   	1700.000000	47476.3   	1700.000000	128552    	1700.000000	116981    	1700.000000	159215    	
1750.000000	6.86951e+06	1750.000000	6.83505e+06	1750.000000	6.79926e+06	1750.000000	6.80584e+06	1750.000000	6.79928e+06	1750.000000	79170.1   	1750.000000	49177.1   	1750.000000	132426    	1750.000000	120806    	1750.000000	164611    	
1800.000000	7.11494e+06	1800.000000	7.07851e+06	1800.000000	7.04176e+06	1800.000000	7.04859e+06	1800.000000	7.04179e+06	1800.000000	81106.8   	1800.000000	50883.8   	1800.000000	136267    	1800.000000	124611    	1800.000000	169984    	
1850.000000	7.36033e+06	1850.000000	7.32206e+06	1850.000000	7.28459e+06	1850.000000	7.29167e+06	1850.000000	7.28462e+06	1850.000000	83014.2   	1850.000000	52595.8   	1850.000000	140074    	1850.000000	128394    	1850.000000	175334    	
1900.000000	7.60563e+06	1900.000000	7.56566e+06	1900.000000	7.5277e+06	1900.000000	7.53503e+06	1900.000000	7.52774e+06	1900.000000	84893.2   	1900.000000	54313     	1900.000000	143847    	1900.000000	132156    	1900.000000	180658    	
1950.000000	7.85075e+06	1950.000000	7.80923e+06	1950.000000	7.77105e+06	1950.000000	7.77863e+06	1950.000000	7.7711e+06	1950.000000	86744.4   	1950.000000	56035.1   	1950.000000	147587    	1950.000000	135897    	1950.000000	185957    	
2000.000000	8.09562e+06	2000.000000	8.05272e+06	2000.000000	8.01461e+06	2000.000000	8.02243e+06	2000.000000	8.01465e+06	2000.000000	88568.5   	2000.000000	57762.1   	2000.000000	151294    	2000.000000	139615    	2000.000000	191230    	
2100.000000	8.58439e+06	2100.000000	8.53928e+06	2100.000000	8.50217e+06	2100.000000	8.51049e+06	2100.000000	8.50222e+06	2100.000000	92138.6   	2100.000000	61231.4   	2100.000000	158610    	2100.000000	146986    	2100.000000	201696    	
2200.000000	9.0715e+06	2200.000000	9.02496e+06	2200.000000	8.99014e+06	2200.000000	8.99894e+06	2200.000000	8.99019e+06	2200.000000	95609     	2200.000000	64721.8   	2200.000000	165798    	2200.000000	154266    	2200.000000	212053    	
2300.000000	9.55657e+06	2300.000000	9.50946e+06	2300.000000	9.47828e+06	2300.000000	9.48757e+06	2300.000000	9.47833e+06	2300.000000	98984.7   	2300.000000	68233.4   	2300.000000	172862    	2300.000000	161457    	2300.000000	222300    	
2400.000000	1.00393e+07	2400.000000	9.99251e+06	2400.000000	9.96642e+06	2400.000000	9.97619e+06	2400.000000	9.96648e+06	2400.000000	102271    	2400.000000	71765.4   	2400.000000	179805    	2400.000000	168558    	2400.000000	232434    	
2500.000000	1.05193e+07	2500.000000	1.04739e+07	2500.000000	1.04544e+07	2500.000000	1.04647e+07	2500.000000	1.04545e+07	2500.000000	105472    	2500.000000	75316.4   	2500.000000	186630    	2500.000000	175569    	2500.000000	242456    	
2600.000000	1.09964e+07	2600.000000	1.09534e+07	2600.000000	1.09421e+07	2600.000000	1.09528e+07	2600.000000	1.09422e+07	2600.000000	108592    	2600.000000	78885.6   	2600.000000	193340    	2600.000000	182492    	2600.000000	252365    	
2700.000000	1.14704e+07	2700.000000	1.14309e+07	2700.000000	1.14294e+07	2700.000000	1.14406e+07	2700.000000	1.14295e+07	2700.000000	111635    	2700.000000	82472.4   	2700.000000	199940    	2700.000000	189328    	2700.000000	262163    	
2800.000000	1.19411e+07	2800.000000	1.19061e+07	2800.000000	1.19162e+07	2800.000000	1.19279e+07	2800.000000	1.19163e+07	2800.000000	114605    	2800.000000	86076.7   	2800.000000	206432    	2800.000000	196077    	2800.000000	271850    	
2900.000000	1.24084e+07	2900.000000	1.23791e+07	2900.000000	1.24025e+07	2900.000000	1.24146e+07	2900.000000	1.24025e+07	2900.000000	117506    	2900.000000	89698.8   	2900.000000	212821    	2900.000000	202741    	2900.000000	281427    	
3000.000000	1.28721e+07	3000.000000	1.28497e+07	3000.000000	1.28881e+07	3000.000000	1.29007e+07	3000.000000	1.28882e+07	3000.000000	120341    	3000.000000	93338.8   	3000.000000	219109    	3000.000000	209322    	3000.000000	290896    	
3200.000000	1.37884e+07	3200.000000	1.37833e+07	3200.000000	1.38573e+07	3200.000000	1.38708e+07	3200.000000	1.38573e+07	3200.000000	125825    	3200.000000	100673    	3200.000000	231395    	3200.000000	222241    	3200.000000	309514    	
3400.000000	1.46894e+07	3400.000000	1.47064e+07	3400.000000	1.48234e+07	3400.000000	1.48378e+07	3400.000000	1.48234e+07	3400.000000	131079    	3400.000000	108080    	3400.000000	243316    	3400.000000	234845    	3400.000000	327719    	
3600.000000	1.55746e+07	3600.000000	1.56186e+07	3600.000000	1.57861e+07	3600.000000	1.58015e+07	3600.000000	1.57861e+07	3600.000000	136123    	3600.000000	115557    	3600.000000	254893    	3600.000000	247147    	3600.000000	345524    	
3800.000000	1.64439e+07	3800.000000	1.65197e+07	3800.000000	1.67454e+07	3800.000000	1.67617e+07	3800.000000	1.67454e+07	3800.000000	140975    	3800.000000	123102    	3800.000000	266148    	3800.000000	259161    	3800.000000	362945    	
4000.000000	1.72971e+07	4000.000000	1.74095e+07	4000.000000	1.77012e+07	4000.000000	1.77183e+07	4000.000000	1.77011e+07	4000.000000	145650    	4000.000000	130714    	4000.000000	277101    	4000.000000	270900    	4000.000000	379996    	
4200.000000	1.81342e+07	4200.000000	1.82881e+07	4200.000000	1.86533e+07	4200.000000	1.86713e+07	4200.000000	1.86532e+07	4200.000000	150162    	4200.000000	138391    	4200.000000	287768    	4200.000000	282375    	4200.000000	396693    	
4400.000000	1.89553e+07	4400.000000	1.91553e+07	4400.000000	1.96018e+07	4400.000000	1.96207e+07	4400.000000	1.96017e+07	4400.000000	154523    	4400.000000	146131    	4400.000000	298167    	4400.000000	293598    	4400.000000	413050    	
4600.000000	1.97605e+07	4600.000000	2.00113e+07	4600.000000	2.05466e+07	4600.000000	2.05664e+07	4600.000000	2.05465e+07	4600.000000	158745    	4600.000000	153933    	4600.000000	308312    	4600.000000	304582    	4600.000000	429080    	
4800.000000	2.05501e+07	4800.000000	2.08562e+07	4800.000000	2.14879e+07	4800.000000	2.15085e+07	4800.000000	2.14878e+07	4800.000000	162836    	4800.000000	161797    	4800.000000	318218    	4800.000000	315335    	4800.000000	444799    	
5000.000000	2.13243e+07	5000.000000	2.16901e+07	5000.000000	2.24255e+07	5000.000000	2.2447e+07	5000.000000	2.24254e+07	5000.000000	166806    	5000.000000	169722    	5000.000000	327896    	5000.000000	325869    	5000.000000	460217    	
5250.000000	2.22708e+07	5250.000000	2.27171e+07	5250.000000	2.35927e+07	5250.000000	2.36151e+07	5250.000000	2.35925e+07	5250.000000	171611    	5250.000000	179713    	5250.000000	339694    	5250.000000	338741    	5250.000000	479086    	
5500.000000	2.31943e+07	5500.000000	2.37275e+07	5500.000000	2.47544e+07	5500.000000	2.47779e+07	5500.000000	2.47542e+07	5500.000000	176252    	5500.000000	189796    	5500.000000	351177    	5500.000000	351303    	5500.000000	497528    	
6000.000000	2.49743e+07	6000.000000	2.56997e+07	6000.000000	2.70621e+07	6000.000000	2.70876e+07	6000.000000	2.70618e+07	6000.000000	185094    	6000.000000	210237    	6000.000000	373275    	6000.000000	375556    	6000.000000	533215    	
6500.000000	2.66696e+07	6500.000000	2.76096e+07	6500.000000	2.93496e+07	6500.000000	2.93771e+07	6500.000000	2.93493e+07	6500.000000	193415    	6500.000000	231034    	6500.000000	394325    	6500.000000	398744    	6500.000000	567428    	
7000.000000	2.82849e+07	7000.000000	2.94603e+07	7000.000000	3.1618e+07	7000.000000	3.16474e+07	7000.000000	3.16176e+07	7000.000000	201283    	7000.000000	252178    	7000.000000	414441    	7000.000000	420969    	7000.000000	600302    	
7500.000000	2.98254e+07	7500.000000	3.12547e+07	7500.000000	3.38683e+07	7500.000000	3.38996e+07	7500.000000	3.38679e+07	7500.000000	208753    	7500.000000	273658    	7500.000000	433716    	7500.000000	442318    	7500.000000	631954    	
8000.000000	3.12957e+07	8000.000000	3.2996e+07	8000.000000	3.61015e+07	8000.000000	3.61347e+07	8000.000000	3.6101e+07	8000.000000	215870    	8000.000000	295466    	8000.000000	452233    	8000.000000	462866    	8000.000000	662486    	
8500.000000	3.27002e+07	8500.000000	3.46867e+07	8500.000000	3.83184e+07	8500.000000	3.83535e+07	8500.000000	3.83179e+07	8500.000000	222671    	8500.000000	317594    	8500.000000	470061    	8500.000000	482681    	8500.000000	691988    	
9000.000000	3.40431e+07	9000.000000	3.63296e+07	9000.000000	4.05199e+07	9000.000000	4.05568e+07	9000.000000	4.05194e+07	9000.000000	229189    	9000.000000	340032    	9000.000000	487260    	9000.000000	501821    	9000.000000	720540    	
9500.000000	3.53282e+07	9500.000000	3.79273e+07	9500.000000	4.27069e+07	9500.000000	4.27456e+07	9500.000000	4.27063e+07	9500.000000	235452    	9500.000000	362774    	9500.000000	503883    	9500.000000	520338    	9500.000000	748213    	
10000.000000	3.65592e+07	10000.000000	3.94819e+07	10000.000000	4.488e+07 	10000.000000	4.49205e+07	10000.000000	4.48794e+07	10000.000000	241482    	10000.000000	385811    	10000.000000	519975    	10000.000000	538277    	10000.000000	775070    	
11000.000000	3.88715e+07	11000.000000	4.24708e+07	11000.000000	4.91872e+07	11000.000000	4.92312e+07	11000.000000	4.91866e+07	11000.000000	252923    	11000.000000	432743    	11000.000000	550725    	11000.000000	572585    	11000.000000	826554    	
12000.000000	4.10038e+07	12000.000000	4.53122e+07	12000.000000	5.34465e+07	12000.000000	5.34938e+07	12000.000000	5.34458e+07	12000.000000	263645    	12000.000000	480792    	12000.000000	579782    	12000.000000	605022    	12000.000000	875380    	
13000.000000	4.29765e+07	13000.000000	4.80198e+07	13000.000000	5.7662e+07	13000.000000	5.77125e+07	13000.000000	5.76612e+07	13000.000000	273752    	13000.000000	529910    	13000.000000	607361    	13000.000000	635818    	13000.000000	921862    	
14000.000000	4.48069e+07	14000.000000	5.06058e+07	14000.000000	6.18372e+07	14000.000000	6.18909e+07	14000.000000	6.18363e+07	14000.000000	283325    	14000.000000	580035    	14000.000000	633639    	14000.000000	665157    	14000.000000	966261    	
15000.000000	4.65101e+07	15000.000000	5.30805e+07	15000.000000	6.5975e+07	15000.000000	6.60321e+07	15000.000000	6.59743e+07	15000.000000	292431    	15000.000000	631112    	15000.000000	658762    	15000.000000	693197    	15000.000000	1.0088e+06	
16000.000000	4.8099e+07	16000.000000	5.54533e+07	16000.000000	7.00781e+07	16000.000000	7.01388e+07	16000.000000	7.00778e+07	16000.000000	301124    	16000.000000	683101    	16000.000000	682848    	16000.000000	720068    	16000.000000	1.04965e+06	
17000.000000	4.9585e+07	17000.000000	5.77324e+07	17000.000000	7.41491e+07	17000.000000	7.42134e+07	17000.000000	7.41494e+07	17000.000000	309447    	17000.000000	735981    	17000.000000	706001    	17000.000000	745882    	17000.000000	1.08898e+06	
18000.000000	5.09777e+07	18000.000000	5.9925e+07	18000.000000	7.81901e+07	18000.000000	7.8258e+07	18000.000000	7.8191e+07	18000.000000	317440    	18000.000000	789733    	18000.000000	728307    	18000.000000	770733    	18000.000000	1.12692e+06	
19000.000000	5.22859e+07	19000.000000	6.20376e+07	19000.000000	8.22033e+07	19000.000000	8.22745e+07	19000.000000	8.22046e+07	19000.000000	325133    	19000.000000	844343    	19000.000000	749841    	19000.000000	794706    	19000.000000	1.16359e+06	
20000.000000	5.3517e+07	20000.000000	6.40758e+07	20000.000000	8.61903e+07	20000.000000	8.62646e+07	20000.000000	8.61918e+07	20000.000000	332555    	20000.000000	899793    	20000.000000	770667    	20000.000000	817872    	20000.000000	1.19909e+06	
21000.000000	5.46778e+07	21000.000000	6.60449e+07	21000.000000	9.01528e+07	21000.000000	9.02298e+07	21000.000000	9.01543e+07	21000.000000	339728    	21000.000000	956065    	21000.000000	790841    	21000.000000	840294    	21000.000000	1.2335e+06	
22000.000000	5.57742e+07	22000.000000	6.79495e+07	22000.000000	9.40918e+07	22000.000000	9.41715e+07	22000.000000	9.40933e+07	22000.000000	346673    	22000.000000	1.01313e+06	22000.000000	810414    	22000.000000	862029    	22000.000000	1.26692e+06	
23000.000000	5.68114e+07	23000.000000	6.97938e+07	23000.000000	9.80087e+07	23000.000000	9.80909e+07	23000.000000	9.801e+07 	23000.000000	353408    	23000.000000	1.07099e+06	23000.000000	829428    	23000.000000	883124    	23000.000000	1.29941e+06	
24000.000000	5.77941e+07	24000.000000	7.15816e+07	24000.000000	1.01904e+08	24000.000000	1.01989e+08	24000.000000	1.01906e+08	24000.000000	359949    	24000.000000	1.1296e+06	24000.000000	847922    	24000.000000	903626    	24000.000000	1.33104e+06	
25000.000000	5.87266e+07	25000.000000	7.33163e+07	25000.000000	1.0578e+08	25000.000000	1.05867e+08	25000.000000	1.05781e+08	25000.000000	366309    	25000.000000	1.18892e+06	25000.000000	865931    	25000.000000	923571    	25000.000000	1.36185e+06	
26000.000000	5.96125e+07	26000.000000	7.50011e+07	26000.000000	1.09636e+08	26000.000000	1.09726e+08	26000.000000	1.09638e+08	26000.000000	372502    	26000.000000	1.24889e+06	26000.000000	883487    	26000.000000	942998    	26000.000000	1.3919e+06	
27000.000000	6.04553e+07	27000.000000	7.66388e+07	27000.000000	1.13475e+08	27000.000000	1.13567e+08	27000.000000	1.13476e+08	27000.000000	378538    	27000.000000	1.30954e+06	27000.000000	900616    	27000.000000	961936    	27000.000000	1.42124e+06	
28000.000000	6.12582e+07	28000.000000	7.8232e+07	28000.000000	1.17295e+08	28000.000000	1.1739e+08	28000.000000	1.17297e+08	28000.000000	384427    	28000.000000	1.37087e+06	28000.000000	917345    	28000.000000	980415    	28000.000000	1.4499e+06	
29000.000000	6.20237e+07	29000.000000	7.97833e+07	29000.000000	1.21099e+08	29000.000000	1.21197e+08	29000.000000	1.21101e+08	29000.000000	390178    	29000.000000	1.4329e+06	29000.000000	933696    	29000.000000	998461    	29000.000000	1.47793e+06	
30000.000000	6.27546e+07	30000.000000	8.12947e+07	30000.000000	1.24887e+08	30000.000000	1.24987e+08	30000.000000	1.24889e+08	30000.000000	395801    	30000.000000	1.4956e+06	30000.000000	949691    	30000.000000	1.0161e+06	30000.000000	1.50537e+06	
32000.000000	6.41211e+07	32000.000000	8.42062e+07	32000.000000	1.32418e+08	32000.000000	1.32522e+08	32000.000000	1.32419e+08	32000.000000	406685    	32000.000000	1.62294e+06	32000.000000	980684    	32000.000000	1.05023e+06	32000.000000	1.55855e+06	
34000.000000	6.5374e+07	34000.000000	8.6981e+07	34000.000000	1.39891e+08	34000.000000	1.39999e+08	34000.000000	1.39892e+08	34000.000000	417132    	34000.000000	1.75271e+06	34000.000000	1.01046e+06	34000.000000	1.08298e+06	34000.000000	1.60968e+06	
36000.000000	6.65266e+07	36000.000000	8.96318e+07	36000.000000	1.47311e+08	36000.000000	1.47424e+08	36000.000000	1.47313e+08	36000.000000	427186    	36000.000000	1.8848e+06	36000.000000	1.03913e+06	36000.000000	1.11445e+06	36000.000000	1.65895e+06	
38000.000000	6.75904e+07	38000.000000	9.21695e+07	38000.000000	1.54682e+08	38000.000000	1.54798e+08	38000.000000	1.54684e+08	38000.000000	436883    	38000.000000	2.01911e+06	38000.000000	1.0668e+06	38000.000000	1.14478e+06	38000.000000	1.70652e+06	
40000.000000	6.85752e+07	40000.000000	9.46036e+07	40000.000000	1.62007e+08	40000.000000	1.62126e+08	40000.000000	1.62008e+08	40000.000000	446255    	40000.000000	2.15559e+06	40000.000000	1.09354e+06	40000.000000	1.17406e+06	40000.000000	1.75253e+06	
42000.000000	6.94894e+07	42000.000000	9.69424e+07	42000.000000	1.69288e+08	42000.000000	1.69411e+08	42000.000000	1.69289e+08	42000.000000	455330    	42000.000000	2.2942e+06	42000.000000	1.11944e+06	42000.000000	1.20237e+06	42000.000000	1.7971e+06	
44000.000000	7.03401e+07	44000.000000	9.91934e+07	44000.000000	1.76527e+08	44000.000000	1.76653e+08	44000.000000	1.76528e+08	44000.000000	464132    	44000.000000	2.43488e+06	44000.000000	1.14455e+06	44000.000000	1.22979e+06	44000.000000	1.84035e+06	
46000.000000	7.11337e+07	46000.000000	1.01363e+08	46000.000000	1.83728e+08	46000.000000	1.83857e+08	46000.000000	1.83729e+08	46000.000000	472681    	46000.000000	2.57761e+06	46000.000000	1.16894e+06	46000.000000	1.25638e+06	46000.000000	1.88236e+06	
48000.000000	7.18755e+07	48000.000000	1.03457e+08	48000.000000	1.90892e+08	48000.000000	1.91024e+08	48000.000000	1.90893e+08	48000.000000	480996    	48000.000000	2.72236e+06	48000.000000	1.19265e+06	48000.000000	1.2822e+06	48000.000000	1.92323e+06	
50000.000000	7.25704e+07	50000.000000	1.05481e+08	50000.000000	1.98021e+08	50000.000000	1.98156e+08	50000.000000	1.98022e+08	50000.000000	489094    	50000.000000	2.86905e+06	50000.000000	1.21573e+06	50000.000000	1.3073e+06	50000.000000	1.96303e+06	
